t=            0.0
T=1
deltaT=0.00001
XMin=-1.0
XMax=1.0
YMin=-1.0
YMax=1.0
ZMin=-1.0
ZMax=1.0
Lx=7
Ly=7
Lz=7
Sigma=3
deltaOut=0.01
0.000000 0.000000 0.000000 0.000000 0.000000 0.000000 0.000000 0.000000 0.000000 0.000000 0.000000 0.000000 0.000000 0.000000 0.000000 0.000000 0.000000 0.000000 0.000000 0.000000 0.000000 0.000000 0.000000 0.000000 0.000000 0.000000 0.000000 0.000000 0.000000 0.000000 0.000000 0.000000 0.000000 0.000000 0.000000 0.000000 0.000000 0.000000 0.000000 0.000000 0.000000 0.000000 0.000000 0.000000 0.000000 0.000000 0.000000 0.000000 0.000000 0.000000 0.000000 0.000000 0.000000 0.000000 0.000000 0.000000 0.000000 0.667564 1.346011 1.346011 0.667564 0.000000 0.000000 0.000000 1.346011 2.024459 2.024459 1.346011 0.000000 0.000000 0.000000 1.346011 2.024459 2.024459 1.346011 0.000000 0.000000 0.000000 0.667564 1.346011 1.346011 0.667564 0.000000 0.000000 0.000000 0.000000 0.000000 0.000000 0.000000 0.000000 0.000000 0.000000 0.000000 0.000000 0.000000 0.000000 0.000000 0.000000 0.000000 0.000000 0.000000 0.000000 0.000000 0.000000 0.000000 0.000000 1.346011 2.024459 2.024459 1.346011 0.000000 0.000000 0.000000 2.024459 2.702907 2.702907 2.024459 0.000000 0.000000 0.000000 2.024459 2.702907 2.702907 2.024459 0.000000 0.000000 0.000000 1.346011 2.024459 2.024459 1.346011 0.000000 0.000000 0.000000 0.000000 0.000000 0.000000 0.000000 0.000000 0.000000 0.000000 0.000000 0.000000 0.000000 0.000000 0.000000 0.000000 0.000000 0.000000 0.000000 0.000000 0.000000 0.000000 0.000000 0.000000 1.346011 2.024459 2.024459 1.346011 0.000000 0.000000 0.000000 2.024459 2.702907 2.702907 2.024459 0.000000 0.000000 0.000000 2.024459 2.702907 2.702907 2.024459 0.000000 0.000000 0.000000 1.346011 2.024459 2.024459 1.346011 0.000000 0.000000 0.000000 0.000000 0.000000 0.000000 0.000000 0.000000 0.000000 0.000000 0.000000 0.000000 0.000000 0.000000 0.000000 0.000000 0.000000 0.000000 0.000000 0.000000 0.000000 0.000000 0.000000 0.000000 0.667564 1.346011 1.346011 0.667564 0.000000 0.000000 0.000000 1.346011 2.024459 2.024459 1.346011 0.000000 0.000000 0.000000 1.346011 2.024459 2.024459 1.346011 0.000000 0.000000 0.000000 0.667564 1.346011 1.346011 0.667564 0.000000 0.000000 0.000000 0.000000 0.000000 0.000000 0.000000 0.000000 0.000000 0.000000 0.000000 0.000000 0.000000 0.000000 0.000000 0.000000 0.000000 0.000000 0.000000 0.000000 0.000000 0.000000 0.000000 0.000000 0.000000 0.000000 0.000000 0.000000 0.000000 0.000000 0.000000 0.000000 0.000000 0.000000 0.000000 0.000000 0.000000 0.000000 0.000000 0.000000 0.000000 0.000000 0.000000 0.000000 0.000000 0.000000 0.000000 0.000000 0.000000 0.000000 0.000000 0.000000 0.000000 0.000000 0.000000 0.000000 0.000000 0.000000 0.000000 0.000000 0.000000 0.000000 0.000000 0.000000 0.000000 0.000000 0.000000 0.000000 0.000000 0.000000 0.000000 0.000000 0.000000 0.000000 0.000000 0.000000 0.000000 0.000000 0.000000 0.000000 0.000000 0.000000 0.000000 0.000000 0.000000 0.000000 0.000000 0.000000 0.000000 0.000000 0.000000 0.000000 0.000000 0.000000 0.000000 0.000000 0.000000 0.000000 0.000000 0.000000 0.000000 0.000000 0.000000 0.000000 0.000000 0.000000 0.000000 0.000000 0.000000 0.000000 0.000000 0.000000 0.000000 0.000000
0.000000 0.000000 0.000000 0.000000 0.000000 0.000000 0.000000 0.000000 0.000000 0.000000 0.000000 0.000000 0.000000 0.000000 0.000000 0.000000 0.000000 0.000000 0.000000 0.000000 0.000000 0.000000 0.000000 0.000000 0.000000 0.000000 0.000000 0.000000 0.000000 0.000000 0.000000 0.000000 0.000000 0.000000 0.000000 0.000000 0.000000 0.000000 0.000000 0.000000 0.000000 0.000000 0.000000 0.000000 0.000000 0.000000 0.000000 0.000000 0.000000 0.000000 0.000000 0.000000 0.000000 0.000000 0.000000 0.000000 0.000000 0.667564 1.346011 1.346011 0.667564 0.000000 0.000000 0.000000 1.346011 2.024459 2.024459 1.346011 0.000000 0.000000 0.000000 1.346011 2.024459 2.024459 1.346011 0.000000 0.000000 0.000000 0.667564 1.346011 1.346011 0.667564 0.000000 0.000000 0.000000 0.000000 0.000000 0.000000 0.000000 0.000000 0.000000 0.000000 0.000000 0.000000 0.000000 0.000000 0.000000 0.000000 0.000000 0.000000 0.000000 0.000000 0.000000 0.000000 0.000000 0.000000 1.346011 2.024459 2.024459 1.346011 0.000000 0.000000 0.000000 2.024459 2.702907 2.702907 2.024459 0.000000 0.000000 0.000000 2.024459 2.702907 2.702907 2.024459 0.000000 0.000000 0.000000 1.346011 2.024459 2.024459 1.346011 0.000000 0.000000 0.000000 0.000000 0.000000 0.000000 0.000000 0.000000 0.000000 0.000000 0.000000 0.000000 0.000000 0.000000 0.000000 0.000000 0.000000 0.000000 0.000000 0.000000 0.000000 0.000000 0.000000 0.000000 1.346011 2.024459 2.024459 1.346011 0.000000 0.000000 0.000000 2.024459 2.702907 2.702907 2.024459 0.000000 0.000000 0.000000 2.024459 2.702907 2.702907 2.024459 0.000000 0.000000 0.000000 1.346011 2.024459 2.024459 1.346011 0.000000 0.000000 0.000000 0.000000 0.000000 0.000000 0.000000 0.000000 0.000000 0.000000 0.000000 0.000000 0.000000 0.000000 0.000000 0.000000 0.000000 0.000000 0.000000 0.000000 0.000000 0.000000 0.000000 0.000000 0.667564 1.346011 1.346011 0.667564 0.000000 0.000000 0.000000 1.346011 2.024459 2.024459 1.346011 0.000000 0.000000 0.000000 1.346011 2.024459 2.024459 1.346011 0.000000 0.000000 0.000000 0.667564 1.346011 1.346011 0.667564 0.000000 0.000000 0.000000 0.000000 0.000000 0.000000 0.000000 0.000000 0.000000 0.000000 0.000000 0.000000 0.000000 0.000000 0.000000 0.000000 0.000000 0.000000 0.000000 0.000000 0.000000 0.000000 0.000000 0.000000 0.000000 0.000000 0.000000 0.000000 0.000000 0.000000 0.000000 0.000000 0.000000 0.000000 0.000000 0.000000 0.000000 0.000000 0.000000 0.000000 0.000000 0.000000 0.000000 0.000000 0.000000 0.000000 0.000000 0.000000 0.000000 0.000000 0.000000 0.000000 0.000000 0.000000 0.000000 0.000000 0.000000 0.000000 0.000000 0.000000 0.000000 0.000000 0.000000 0.000000 0.000000 0.000000 0.000000 0.000000 0.000000 0.000000 0.000000 0.000000 0.000000 0.000000 0.000000 0.000000 0.000000 0.000000 0.000000 0.000000 0.000000 0.000000 0.000000 0.000000 0.000000 0.000000 0.000000 0.000000 0.000000 0.000000 0.000000 0.000000 0.000000 0.000000 0.000000 0.000000 0.000000 0.000000 0.000000 0.000000 0.000000 0.000000 0.000000 0.000000 0.000000 0.000000 0.000000 0.000000 0.000000 0.000000 0.000000 0.000000 0.000000 0.000000