t=       10.000000
T=10
deltaT=0.00001
XMin=-1.0
XMax=1.0
Lx=101
Sigma=1
deltaOut=0.1
0.000000 0.000000 0.000000 0.000000 0.000000 0.000000 0.000000 0.000000 0.000000 0.000000 0.000000 0.000000 0.000000 0.000000 0.000000 0.000000 0.000000 0.000000 0.000000 0.000000 0.000000 0.000000 0.000000 0.000000 0.000000 0.000000 0.046641 0.108652 0.170244 0.231177 0.291215 0.350127 0.407684 0.463664 0.517850 0.570032 0.620010 0.667588 0.712584 0.754823 0.794142 0.830388 0.863422 0.893115 0.919353 0.942034 0.961071 0.976389 0.987930 0.995649 0.999516 0.999516 0.995649 0.987930 0.976389 0.961071 0.942034 0.919353 0.893115 0.863422 0.830388 0.794142 0.754823 0.712584 0.667588 0.620010 0.570032 0.517850 0.463664 0.407684 0.350127 0.291215 0.231177 0.170244 0.108652 0.046641 0.000000 0.000000 0.000000 0.000000 0.000000 0.000000 0.000000 0.000000 0.000000 0.000000 0.000000 0.000000 0.000000 0.000000 0.000000 0.000000 0.000000 0.000000 0.000000 0.000000 0.000000 0.000000 0.000000 0.000000 0.000000
0.000000 0.000000 0.000000 0.000000 0.000000 0.000000 0.000000 0.000000 0.000000 0.000000 0.000000 0.000000 0.000000 0.000000 0.000000 0.000000 0.000000 0.000000 0.000000 0.000000 0.000000 0.000000 0.000000 0.000000 0.000000 0.001189 0.047033 0.108641 0.170227 0.231154 0.291186 0.350092 0.407644 0.463618 0.517799 0.569976 0.619949 0.667522 0.712514 0.754749 0.794064 0.830306 0.863337 0.893027 0.919262 0.941941 0.960976 0.976293 0.987833 0.995551 0.999417 0.999417 0.995551 0.987833 0.976293 0.960976 0.941941 0.919262 0.893027 0.863337 0.830306 0.794064 0.754749 0.712514 0.667522 0.619949 0.569976 0.517799 0.463618 0.407644 0.350092 0.291186 0.231154 0.170227 0.108641 0.047033 0.001189 0.000000 0.000000 0.000000 0.000000 0.000000 0.000000 0.000000 0.000000 0.000000 0.000000 0.000000 0.000000 0.000000 0.000000 0.000000 0.000000 0.000000 0.000000 0.000000 0.000000 0.000000 0.000000 0.000000 0.000000 
0.000000 0.010967 0.021951 0.032968 0.044035 0.055168 0.066380 0.077686 0.089097 0.100623 0.112273 0.124053 0.135968 0.148020 0.160208 0.172530 0.184981 0.197552 0.210232 0.223008 0.235865 0.248782 0.261740 0.274714 0.287677 0.300603 0.313459 0.326214 0.338833 0.351281 0.363521 0.375515 0.387224 0.398610 0.409632 0.420252 0.430431 0.440131 0.449315 0.457945 0.465989 0.473414 0.480188 0.486284 0.491676 0.496341 0.500259 0.503412 0.505788 0.507375 0.508166 0.508158 0.507351 0.505747 0.503354 0.500182 0.496244 0.491558 0.486142 0.480020 0.473217 0.465760 0.457680 0.449009 0.439782 0.430032 0.419798 0.409116 0.398024 0.386563 0.374769 0.362681 0.350338 0.337776 0.325032 0.312140 0.299133 0.286043 0.272900 0.259731 0.246561 0.233414 0.220310 0.207266 0.194297 0.181418 0.168637 0.155962 0.143397 0.130946 0.118608 0.106380 0.094259 0.082237 0.070306 0.058457 0.046679 0.034957 0.023280 0.011632 0.000000 
0.000000 0.010999 0.021991 0.032968 0.043921 0.054844 0.065729 0.076567 0.087352 0.098074 0.108725 0.119298 0.129783 0.140171 0.150455 0.160625 0.170671 0.180585 0.190356 0.199975 0.209433 0.218719 0.227823 0.236736 0.245446 0.253944 0.262219 0.270261 0.278059 0.285605 0.292886 0.299894 0.306619 0.313050 0.319179 0.324996 0.330493 0.335662 0.340493 0.344979 0.349113 0.352889 0.356300 0.359339 0.362003 0.364286 0.366184 0.367693 0.368812 0.369538 0.369868 0.369803 0.369343 0.368487 0.367236 0.365594 0.363561 0.361141 0.358338 0.355156 0.351600 0.347675 0.343388 0.338744 0.333751 0.328416 0.322747 0.316753 0.310441 0.303821 0.296902 0.289693 0.282205 0.274447 0.266429 0.258161 0.249654 0.240918 0.231963 0.222800 0.213439 0.203891 0.194165 0.184273 0.174224 0.164028 0.153696 0.143237 0.132661 0.121977 0.111196 0.100326 0.089376 0.078357 0.067276 0.056142 0.044966 0.033755 0.022517 0.011263 0.000000 
0.000000 0.008852 0.017696 0.026523 0.035325 0.044094 0.052822 0.061500 0.070120 0.078675 0.087155 0.095554 0.103862 0.112072 0.120176 0.128167 0.136036 0.143775 0.151379 0.158837 0.166145 0.173293 0.180276 0.187086 0.193716 0.200160 0.206410 0.212462 0.218307 0.223941 0.229358 0.234551 0.239515 0.244246 0.248738 0.252986 0.256986 0.260733 0.264223 0.267453 0.270418 0.273116 0.275544 0.277699 0.279578 0.281179 0.282501 0.283542 0.284300 0.284774 0.284965 0.284871 0.284493 0.283830 0.282884 0.281656 0.280146 0.278355 0.276287 0.273943 0.271324 0.268435 0.265278 0.261856 0.258173 0.254233 0.250040 0.245597 0.240910 0.235984 0.230824 0.225434 0.219821 0.213991 0.207949 0.201701 0.195254 0.188615 0.181790 0.174786 0.167611 0.160271 0.152773 0.145126 0.137337 0.129414 0.121364 0.113196 0.104917 0.096536 0.088061 0.079501 0.070863 0.062156 0.053389 0.044570 0.035708 0.026812 0.017889 0.008949 0.000000 
0.000000 0.006928 0.013849 0.020757 0.027644 0.034505 0.041332 0.048119 0.054858 0.061544 0.068171 0.074730 0.081217 0.087624 0.093946 0.100176 0.106308 0.112337 0.118255 0.124058 0.129740 0.135294 0.140717 0.146001 0.151143 0.156136 0.160976 0.165659 0.170179 0.174532 0.178714 0.182721 0.186547 0.190191 0.193648 0.196914 0.199986 0.202862 0.205538 0.208012 0.210280 0.212342 0.214194 0.215835 0.217263 0.218476 0.219474 0.220256 0.220819 0.221165 0.221292 0.221200 0.220890 0.220361 0.219614 0.218650 0.217470 0.216075 0.214465 0.212644 0.210612 0.208371 0.205924 0.203273 0.200421 0.197370 0.194123 0.190685 0.187057 0.183244 0.179250 0.175078 0.170733 0.166218 0.161539 0.156699 0.151705 0.146560 0.141270 0.135840 0.130276 0.124582 0.118765 0.112830 0.106784 0.100632 0.094380 0.088035 0.081602 0.075089 0.068502 0.061846 0.055130 0.048358 0.041539 0.034679 0.027785 0.020863 0.013920 0.006963 0.000000 
0.000000 0.005397 0.010788 0.016168 0.021533 0.026877 0.032194 0.037479 0.042728 0.047935 0.053094 0.058202 0.063252 0.068240 0.073161 0.078010 0.082782 0.087473 0.092078 0.096592 0.101011 0.105331 0.109548 0.113656 0.117653 0.121534 0.125295 0.128933 0.132444 0.135825 0.139071 0.142181 0.145151 0.147978 0.150659 0.153192 0.155574 0.157803 0.159876 0.161791 0.163547 0.165142 0.166574 0.167841 0.168943 0.169879 0.170646 0.171246 0.171676 0.171937 0.172029 0.171950 0.171702 0.171284 0.170698 0.169942 0.169019 0.167929 0.166673 0.165252 0.163668 0.161922 0.160017 0.157953 0.155733 0.153359 0.150833 0.148159 0.145338 0.142373 0.139267 0.136024 0.132646 0.129137 0.125500 0.121740 0.117858 0.113860 0.109750 0.105531 0.101207 0.096784 0.092264 0.087653 0.082956 0.078176 0.073320 0.068390 0.063393 0.058333 0.053215 0.048045 0.042827 0.037567 0.032270 0.026940 0.021584 0.016207 0.010814 0.005409 0.000000 
0.000000 0.004199 0.008393 0.012580 0.016754 0.020911 0.025048 0.029161 0.033244 0.037295 0.041309 0.045282 0.049211 0.053091 0.056919 0.060691 0.064403 0.068051 0.071633 0.075144 0.078581 0.081940 0.085219 0.088413 0.091521 0.094538 0.097462 0.100290 0.103020 0.105647 0.108171 0.110588 0.112896 0.115092 0.117175 0.119143 0.120993 0.122723 0.124333 0.125820 0.127183 0.128420 0.129531 0.130514 0.131368 0.132093 0.132687 0.133151 0.133483 0.133683 0.133751 0.133688 0.133492 0.133165 0.132706 0.132116 0.131396 0.130546 0.129567 0.128461 0.127227 0.125868 0.124384 0.122778 0.121051 0.119204 0.117239 0.115158 0.112964 0.110658 0.108242 0.105720 0.103094 0.100365 0.097538 0.094614 0.091596 0.088488 0.085293 0.082013 0.078652 0.075214 0.071701 0.068117 0.064466 0.060752 0.056977 0.053146 0.049262 0.045330 0.041353 0.037335 0.033280 0.029193 0.025076 0.020935 0.016773 0.012594 0.008403 0.004204 0.000000 
0.000000 0.003266 0.006528 0.009784 0.013030 0.016264 0.019481 0.022679 0.025855 0.029006 0.032127 0.035218 0.038273 0.041290 0.044267 0.047201 0.050087 0.052925 0.055710 0.058440 0.061112 0.063725 0.066274 0.068758 0.071174 0.073520 0.075794 0.077993 0.080114 0.082157 0.084119 0.085998 0.087792 0.089499 0.091118 0.092647 0.094085 0.095430 0.096681 0.097836 0.098895 0.099856 0.100719 0.101483 0.102146 0.102708 0.103170 0.103529 0.103786 0.103941 0.103993 0.103943 0.103789 0.103534 0.103176 0.102717 0.102156 0.101494 0.100732 0.099871 0.098911 0.097854 0.096700 0.095450 0.094106 0.092670 0.091141 0.089523 0.087817 0.086023 0.084145 0.082184 0.080141 0.078020 0.075821 0.073548 0.071202 0.068785 0.066301 0.063751 0.061139 0.058465 0.055735 0.052949 0.050111 0.047223 0.044289 0.041311 0.038292 0.035235 0.032144 0.029020 0.025869 0.022691 0.019491 0.016272 0.013037 0.009789 0.006531 0.003267 0.000000 
0.000000 0.002539 0.005076 0.007608 0.010133 0.012647 0.015149 0.017636 0.020106 0.022555 0.024983 0.027386 0.029762 0.032108 0.034423 0.036704 0.038948 0.041154 0.043320 0.045443 0.047521 0.049552 0.051534 0.053466 0.055345 0.057169 0.058936 0.060646 0.062295 0.063884 0.065409 0.066869 0.068264 0.069591 0.070850 0.072039 0.073157 0.074202 0.075174 0.076072 0.076895 0.077643 0.078313 0.078906 0.079422 0.079859 0.080217 0.080496 0.080696 0.080815 0.080856 0.080816 0.080697 0.080498 0.080219 0.079862 0.079425 0.078911 0.078318 0.077648 0.076901 0.076079 0.075181 0.074209 0.073164 0.072047 0.070859 0.069600 0.068273 0.066879 0.065418 0.063893 0.062305 0.060656 0.058946 0.057179 0.055355 0.053476 0.051544 0.049562 0.047531 0.045452 0.043329 0.041163 0.038957 0.036712 0.034431 0.032115 0.029768 0.027392 0.024989 0.022561 0.020110 0.017640 0.015153 0.012650 0.010135 0.007610 0.005078 0.002540 0.000000 
0.000000 0.001975 0.003947 0.005916 0.007879 0.009834 0.011779 0.013713 0.015633 0.017538 0.019426 0.021294 0.023141 0.024966 0.026766 0.028539 0.030284 0.032000 0.033684 0.035334 0.036950 0.038529 0.040071 0.041572 0.043033 0.044451 0.045826 0.047155 0.048437 0.049672 0.050858 0.051994 0.053078 0.054110 0.055089 0.056013 0.056882 0.057694 0.058450 0.059148 0.059788 0.060369 0.060890 0.061351 0.061752 0.062092 0.062370 0.062587 0.062742 0.062835 0.062866 0.062835 0.062742 0.062588 0.062371 0.062093 0.061753 0.061353 0.060892 0.060371 0.059790 0.059151 0.058453 0.057697 0.056884 0.056016 0.055092 0.054113 0.053081 0.051997 0.050862 0.049676 0.048441 0.047158 0.045829 0.044455 0.043037 0.041576 0.040074 0.038533 0.036954 0.035338 0.033687 0.032003 0.030288 0.028542 0.026769 0.024969 0.023144 0.021296 0.019428 0.017540 0.015635 0.013715 0.011781 0.009835 0.007880 0.005917 0.003948 0.001975 0.000000 
0.000000 0.001535 0.003069 0.004600 0.006126 0.007646 0.009159 0.010662 0.012155 0.013637 0.015104 0.016557 0.017993 0.019412 0.020811 0.022190 0.023547 0.024881 0.026190 0.027474 0.028730 0.029958 0.031156 0.032324 0.033459 0.034562 0.035631 0.036664 0.037661 0.038622 0.039543 0.040426 0.041269 0.042072 0.042833 0.043551 0.044227 0.044859 0.045446 0.045989 0.046486 0.046938 0.047343 0.047702 0.048013 0.048277 0.048494 0.048662 0.048783 0.048855 0.048879 0.048855 0.048783 0.048662 0.048494 0.048278 0.048014 0.047702 0.047344 0.046939 0.046487 0.045990 0.045447 0.044860 0.044228 0.043552 0.042834 0.042073 0.041271 0.040428 0.039545 0.038623 0.037663 0.036666 0.035632 0.034563 0.033461 0.032325 0.031157 0.029959 0.028731 0.027475 0.026191 0.024882 0.023548 0.022191 0.020812 0.019413 0.017994 0.016558 0.015105 0.013637 0.012156 0.010663 0.009159 0.007647 0.006126 0.004600 0.003069 0.001535 0.000000 
0.000000 0.001194 0.002386 0.003576 0.004763 0.005945 0.007121 0.008290 0.009451 0.010603 0.011744 0.012873 0.013990 0.015093 0.016181 0.017253 0.018308 0.019345 0.020363 0.021361 0.022338 0.023293 0.024225 0.025132 0.026015 0.026873 0.027704 0.028507 0.029282 0.030029 0.030746 0.031432 0.032088 0.032712 0.033303 0.033862 0.034387 0.034878 0.035335 0.035757 0.036144 0.036495 0.036810 0.037089 0.037331 0.037536 0.037704 0.037835 0.037929 0.037985 0.038004 0.037985 0.037929 0.037836 0.037705 0.037536 0.037331 0.037089 0.036810 0.036495 0.036144 0.035758 0.035336 0.034879 0.034387 0.033862 0.033303 0.032712 0.032088 0.031433 0.030746 0.030029 0.029283 0.028508 0.027704 0.026873 0.026016 0.025133 0.024225 0.023293 0.022339 0.021362 0.020364 0.019346 0.018309 0.017254 0.016182 0.015093 0.013990 0.012874 0.011744 0.010603 0.009451 0.008290 0.007121 0.005945 0.004763 0.003577 0.002386 0.001194 0.000000 
0.000000 0.000928 0.001855 0.002781 0.003703 0.004622 0.005537 0.006446 0.007348 0.008244 0.009131 0.010009 0.010878 0.011735 0.012581 0.013415 0.014235 0.015041 0.015833 0.016609 0.017368 0.018110 0.018835 0.019541 0.020227 0.020894 0.021540 0.022165 0.022768 0.023348 0.023905 0.024439 0.024949 0.025434 0.025894 0.026328 0.026736 0.027118 0.027474 0.027802 0.028102 0.028375 0.028620 0.028837 0.029025 0.029185 0.029316 0.029418 0.029490 0.029534 0.029549 0.029534 0.029490 0.029418 0.029316 0.029185 0.029025 0.028837 0.028620 0.028375 0.028102 0.027802 0.027474 0.027118 0.026736 0.026328 0.025894 0.025434 0.024949 0.024439 0.023905 0.023348 0.022768 0.022165 0.021540 0.020894 0.020228 0.019541 0.018835 0.018111 0.017368 0.016609 0.015833 0.015042 0.014235 0.013415 0.012581 0.011735 0.010878 0.010009 0.009131 0.008244 0.007348 0.006446 0.005537 0.004622 0.003703 0.002781 0.001855 0.000928 0.000000 
0.000000 0.000722 0.001443 0.002162 0.002879 0.003594 0.004305 0.005012 0.005713 0.006410 0.007099 0.007782 0.008457 0.009124 0.009782 0.010430 0.011068 0.011695 0.012310 0.012914 0.013504 0.014081 0.014644 0.015193 0.015727 0.016245 0.016748 0.017233 0.017702 0.018153 0.018587 0.019002 0.019398 0.019775 0.020133 0.020470 0.020788 0.021085 0.021361 0.021616 0.021850 0.022062 0.022253 0.022421 0.022567 0.022692 0.022793 0.022872 0.022929 0.022963 0.022974 0.022963 0.022929 0.022872 0.022793 0.022692 0.022567 0.022421 0.022253 0.022062 0.021850 0.021616 0.021361 0.021085 0.020788 0.020470 0.020133 0.019775 0.019398 0.019002 0.018587 0.018153 0.017702 0.017233 0.016748 0.016245 0.015727 0.015193 0.014644 0.014081 0.013504 0.012914 0.012310 0.011695 0.011068 0.010430 0.009782 0.009124 0.008457 0.007782 0.007100 0.006410 0.005714 0.005012 0.004305 0.003594 0.002879 0.002162 0.001443 0.000722 0.000000 
0.000000 0.000561 0.001122 0.001681 0.002239 0.002794 0.003347 0.003897 0.004442 0.004984 0.005520 0.006051 0.006576 0.007094 0.007606 0.008110 0.008605 0.009093 0.009571 0.010040 0.010500 0.010948 0.011386 0.011813 0.012228 0.012631 0.013021 0.013399 0.013764 0.014114 0.014451 0.014774 0.015082 0.015375 0.015653 0.015916 0.016163 0.016394 0.016608 0.016807 0.016989 0.017154 0.017302 0.017433 0.017546 0.017643 0.017722 0.017784 0.017828 0.017854 0.017863 0.017854 0.017828 0.017784 0.017722 0.017643 0.017546 0.017433 0.017302 0.017154 0.016989 0.016807 0.016608 0.016394 0.016163 0.015916 0.015653 0.015375 0.015082 0.014774 0.014451 0.014114 0.013764 0.013399 0.013021 0.012631 0.012228 0.011813 0.011386 0.010948 0.010500 0.010040 0.009571 0.009093 0.008606 0.008110 0.007606 0.007094 0.006576 0.006051 0.005520 0.004984 0.004442 0.003897 0.003347 0.002794 0.002239 0.001681 0.001122 0.000561 0.000000 
0.000000 0.000436 0.000872 0.001307 0.001741 0.002173 0.002602 0.003030 0.003454 0.003875 0.004292 0.004705 0.005113 0.005516 0.005913 0.006305 0.006691 0.007070 0.007442 0.007807 0.008164 0.008512 0.008853 0.009185 0.009507 0.009821 0.010124 0.010418 0.010701 0.010974 0.011236 0.011487 0.011727 0.011954 0.012171 0.012375 0.012567 0.012746 0.012913 0.013068 0.013209 0.013337 0.013452 0.013554 0.013643 0.013718 0.013779 0.013827 0.013861 0.013882 0.013889 0.013882 0.013861 0.013827 0.013779 0.013718 0.013643 0.013554 0.013452 0.013337 0.013209 0.013068 0.012913 0.012746 0.012567 0.012375 0.012171 0.011954 0.011727 0.011487 0.011236 0.010974 0.010701 0.010418 0.010124 0.009821 0.009507 0.009185 0.008853 0.008512 0.008164 0.007807 0.007442 0.007070 0.006691 0.006305 0.005913 0.005516 0.005113 0.004705 0.004292 0.003875 0.003454 0.003030 0.002602 0.002173 0.001741 0.001307 0.000872 0.000436 0.000000 
0.000000 0.000339 0.000678 0.001016 0.001353 0.001689 0.002023 0.002356 0.002685 0.003013 0.003337 0.003658 0.003975 0.004289 0.004598 0.004902 0.005202 0.005497 0.005786 0.006070 0.006347 0.006618 0.006883 0.007141 0.007392 0.007636 0.007872 0.008100 0.008320 0.008533 0.008736 0.008931 0.009118 0.009295 0.009463 0.009622 0.009771 0.009910 0.010040 0.010160 0.010270 0.010370 0.010459 0.010538 0.010607 0.010666 0.010713 0.010751 0.010777 0.010793 0.010799 0.010793 0.010777 0.010751 0.010713 0.010666 0.010607 0.010538 0.010459 0.010370 0.010270 0.010160 0.010040 0.009910 0.009771 0.009622 0.009463 0.009295 0.009118 0.008931 0.008736 0.008533 0.008320 0.008100 0.007872 0.007636 0.007392 0.007141 0.006883 0.006619 0.006347 0.006070 0.005786 0.005497 0.005202 0.004902 0.004598 0.004289 0.003975 0.003658 0.003337 0.003013 0.002685 0.002356 0.002023 0.001689 0.001353 0.001016 0.000678 0.000339 0.000000 
0.000000 0.000264 0.000527 0.000790 0.001052 0.001313 0.001573 0.001832 0.002088 0.002342 0.002595 0.002844 0.003091 0.003334 0.003575 0.003812 0.004045 0.004274 0.004499 0.004719 0.004935 0.005146 0.005352 0.005552 0.005747 0.005937 0.006120 0.006298 0.006469 0.006634 0.006792 0.006944 0.007089 0.007227 0.007357 0.007481 0.007597 0.007705 0.007806 0.007900 0.007985 0.008063 0.008132 0.008194 0.008247 0.008293 0.008330 0.008359 0.008379 0.008392 0.008396 0.008392 0.008379 0.008359 0.008330 0.008293 0.008247 0.008194 0.008132 0.008063 0.007985 0.007900 0.007806 0.007705 0.007597 0.007481 0.007357 0.007227 0.007089 0.006944 0.006792 0.006634 0.006469 0.006298 0.006120 0.005937 0.005747 0.005552 0.005352 0.005146 0.004935 0.004719 0.004499 0.004274 0.004045 0.003812 0.003575 0.003334 0.003091 0.002844 0.002595 0.002342 0.002088 0.001832 0.001573 0.001313 0.001052 0.000790 0.000527 0.000264 0.000000 
0.000000 0.000205 0.000410 0.000614 0.000818 0.001021 0.001223 0.001424 0.001623 0.001821 0.002017 0.002211 0.002403 0.002593 0.002779 0.002964 0.003145 0.003323 0.003498 0.003669 0.003837 0.004001 0.004161 0.004317 0.004469 0.004616 0.004759 0.004897 0.005030 0.005158 0.005281 0.005399 0.005512 0.005619 0.005721 0.005816 0.005907 0.005991 0.006070 0.006142 0.006208 0.006269 0.006323 0.006371 0.006412 0.006448 0.006477 0.006499 0.006515 0.006525 0.006528 0.006525 0.006515 0.006499 0.006477 0.006448 0.006412 0.006371 0.006323 0.006269 0.006208 0.006142 0.006070 0.005991 0.005907 0.005816 0.005721 0.005619 0.005512 0.005399 0.005281 0.005158 0.005030 0.004897 0.004759 0.004616 0.004469 0.004317 0.004161 0.004001 0.003837 0.003669 0.003498 0.003323 0.003145 0.002964 0.002779 0.002593 0.002403 0.002211 0.002017 0.001821 0.001623 0.001424 0.001223 0.001021 0.000818 0.000614 0.000410 0.000205 0.000000 
0.000000 0.000159 0.000319 0.000478 0.000636 0.000794 0.000951 0.001107 0.001262 0.001416 0.001568 0.001719 0.001868 0.002016 0.002161 0.002304 0.002445 0.002584 0.002720 0.002853 0.002983 0.003111 0.003235 0.003357 0.003474 0.003589 0.003700 0.003807 0.003911 0.004010 0.004106 0.004198 0.004285 0.004369 0.004448 0.004522 0.004593 0.004658 0.004719 0.004776 0.004827 0.004874 0.004916 0.004953 0.004986 0.005013 0.005036 0.005053 0.005066 0.005073 0.005076 0.005073 0.005066 0.005053 0.005036 0.005013 0.004986 0.004953 0.004916 0.004874 0.004827 0.004776 0.004719 0.004658 0.004593 0.004522 0.004448 0.004369 0.004285 0.004198 0.004106 0.004010 0.003911 0.003807 0.003700 0.003589 0.003474 0.003357 0.003235 0.003111 0.002983 0.002853 0.002720 0.002584 0.002445 0.002304 0.002161 0.002016 0.001868 0.001719 0.001568 0.001416 0.001262 0.001107 0.000951 0.000794 0.000636 0.000478 0.000319 0.000159 0.000000 
0.000000 0.000124 0.000248 0.000371 0.000495 0.000617 0.000739 0.000861 0.000981 0.001101 0.001219 0.001337 0.001453 0.001567 0.001680 0.001792 0.001901 0.002009 0.002115 0.002218 0.002320 0.002419 0.002515 0.002610 0.002701 0.002790 0.002877 0.002960 0.003041 0.003118 0.003193 0.003264 0.003332 0.003397 0.003458 0.003516 0.003571 0.003622 0.003669 0.003713 0.003753 0.003790 0.003822 0.003851 0.003876 0.003898 0.003915 0.003929 0.003939 0.003944 0.003946 0.003944 0.003939 0.003929 0.003915 0.003898 0.003876 0.003851 0.003822 0.003790 0.003753 0.003713 0.003669 0.003622 0.003571 0.003516 0.003458 0.003397 0.003332 0.003264 0.003193 0.003118 0.003041 0.002960 0.002877 0.002790 0.002701 0.002610 0.002515 0.002419 0.002320 0.002218 0.002115 0.002009 0.001901 0.001792 0.001680 0.001567 0.001453 0.001337 0.001219 0.001101 0.000981 0.000861 0.000739 0.000617 0.000495 0.000371 0.000248 0.000124 0.000000 
0.000000 0.000096 0.000193 0.000289 0.000385 0.000480 0.000575 0.000669 0.000763 0.000856 0.000948 0.001039 0.001130 0.001219 0.001306 0.001393 0.001478 0.001562 0.001644 0.001725 0.001804 0.001881 0.001956 0.002029 0.002100 0.002170 0.002237 0.002302 0.002364 0.002424 0.002482 0.002538 0.002591 0.002641 0.002689 0.002734 0.002776 0.002816 0.002853 0.002887 0.002918 0.002946 0.002972 0.002994 0.003014 0.003031 0.003044 0.003055 0.003062 0.003067 0.003068 0.003067 0.003062 0.003055 0.003044 0.003031 0.003014 0.002994 0.002972 0.002946 0.002918 0.002887 0.002853 0.002816 0.002776 0.002734 0.002689 0.002641 0.002591 0.002538 0.002482 0.002424 0.002364 0.002302 0.002237 0.002170 0.002100 0.002029 0.001956 0.001881 0.001804 0.001725 0.001644 0.001562 0.001478 0.001393 0.001306 0.001219 0.001130 0.001039 0.000948 0.000856 0.000763 0.000669 0.000575 0.000480 0.000385 0.000289 0.000193 0.000096 0.000000 
0.000000 0.000075 0.000150 0.000225 0.000299 0.000373 0.000447 0.000520 0.000593 0.000666 0.000737 0.000808 0.000878 0.000947 0.001016 0.001083 0.001149 0.001214 0.001278 0.001341 0.001402 0.001462 0.001521 0.001578 0.001633 0.001687 0.001739 0.001789 0.001838 0.001885 0.001930 0.001973 0.002014 0.002053 0.002091 0.002126 0.002159 0.002189 0.002218 0.002245 0.002269 0.002291 0.002311 0.002328 0.002343 0.002356 0.002367 0.002375 0.002381 0.002384 0.002386 0.002384 0.002381 0.002375 0.002367 0.002356 0.002343 0.002328 0.002311 0.002291 0.002269 0.002245 0.002218 0.002189 0.002159 0.002126 0.002091 0.002053 0.002014 0.001973 0.001930 0.001885 0.001838 0.001789 0.001739 0.001687 0.001633 0.001578 0.001521 0.001462 0.001402 0.001341 0.001278 0.001214 0.001149 0.001083 0.001016 0.000947 0.000878 0.000808 0.000737 0.000666 0.000593 0.000520 0.000447 0.000373 0.000299 0.000225 0.000150 0.000075 0.000000 
0.000000 0.000058 0.000116 0.000175 0.000232 0.000290 0.000348 0.000405 0.000461 0.000517 0.000573 0.000628 0.000683 0.000737 0.000790 0.000842 0.000894 0.000944 0.000994 0.001043 0.001090 0.001137 0.001182 0.001227 0.001270 0.001312 0.001352 0.001391 0.001429 0.001466 0.001501 0.001534 0.001566 0.001597 0.001625 0.001653 0.001678 0.001702 0.001725 0.001745 0.001764 0.001781 0.001797 0.001810 0.001822 0.001832 0.001840 0.001847 0.001851 0.001854 0.001855 0.001854 0.001851 0.001847 0.001840 0.001832 0.001822 0.001810 0.001797 0.001781 0.001764 0.001745 0.001725 0.001702 0.001678 0.001653 0.001625 0.001597 0.001566 0.001534 0.001501 0.001466 0.001429 0.001391 0.001352 0.001312 0.001270 0.001227 0.001182 0.001137 0.001090 0.001043 0.000994 0.000944 0.000894 0.000842 0.000790 0.000737 0.000683 0.000628 0.000573 0.000517 0.000461 0.000405 0.000348 0.000290 0.000232 0.000175 0.000116 0.000058 0.000000 
0.000000 0.000045 0.000091 0.000136 0.000181 0.000226 0.000270 0.000315 0.000359 0.000402 0.000446 0.000489 0.000531 0.000573 0.000614 0.000655 0.000695 0.000734 0.000773 0.000811 0.000848 0.000884 0.000919 0.000954 0.000987 0.001020 0.001051 0.001082 0.001111 0.001140 0.001167 0.001193 0.001218 0.001241 0.001264 0.001285 0.001305 0.001324 0.001341 0.001357 0.001372 0.001385 0.001397 0.001407 0.001417 0.001424 0.001431 0.001436 0.001439 0.001441 0.001442 0.001441 0.001439 0.001436 0.001431 0.001424 0.001417 0.001407 0.001397 0.001385 0.001372 0.001357 0.001341 0.001324 0.001305 0.001285 0.001264 0.001241 0.001218 0.001193 0.001167 0.001140 0.001111 0.001082 0.001051 0.001020 0.000987 0.000954 0.000919 0.000884 0.000848 0.000811 0.000773 0.000734 0.000695 0.000655 0.000614 0.000573 0.000531 0.000489 0.000446 0.000402 0.000359 0.000315 0.000270 0.000226 0.000181 0.000136 0.000091 0.000045 0.000000 
0.000000 0.000035 0.000070 0.000106 0.000141 0.000175 0.000210 0.000245 0.000279 0.000313 0.000347 0.000380 0.000413 0.000445 0.000477 0.000509 0.000540 0.000571 0.000601 0.000630 0.000659 0.000687 0.000715 0.000742 0.000768 0.000793 0.000817 0.000841 0.000864 0.000886 0.000907 0.000927 0.000947 0.000965 0.000983 0.000999 0.001015 0.001029 0.001043 0.001055 0.001066 0.001077 0.001086 0.001094 0.001101 0.001108 0.001112 0.001116 0.001119 0.001121 0.001121 0.001121 0.001119 0.001116 0.001112 0.001108 0.001101 0.001094 0.001086 0.001077 0.001066 0.001055 0.001043 0.001029 0.001015 0.000999 0.000983 0.000965 0.000947 0.000927 0.000907 0.000886 0.000864 0.000841 0.000817 0.000793 0.000768 0.000742 0.000715 0.000687 0.000659 0.000630 0.000601 0.000571 0.000540 0.000509 0.000477 0.000445 0.000413 0.000380 0.000347 0.000313 0.000279 0.000245 0.000210 0.000175 0.000141 0.000106 0.000070 0.000035 0.000000 
0.000000 0.000027 0.000055 0.000082 0.000109 0.000136 0.000163 0.000190 0.000217 0.000243 0.000269 0.000295 0.000321 0.000346 0.000371 0.000396 0.000420 0.000444 0.000467 0.000490 0.000512 0.000534 0.000556 0.000577 0.000597 0.000616 0.000636 0.000654 0.000672 0.000689 0.000705 0.000721 0.000736 0.000750 0.000764 0.000777 0.000789 0.000800 0.000811 0.000820 0.000829 0.000837 0.000844 0.000851 0.000856 0.000861 0.000865 0.000868 0.000870 0.000871 0.000872 0.000871 0.000870 0.000868 0.000865 0.000861 0.000856 0.000851 0.000844 0.000837 0.000829 0.000820 0.000811 0.000800 0.000789 0.000777 0.000764 0.000750 0.000736 0.000721 0.000705 0.000689 0.000672 0.000654 0.000636 0.000616 0.000597 0.000577 0.000556 0.000534 0.000512 0.000490 0.000467 0.000444 0.000420 0.000396 0.000371 0.000346 0.000321 0.000295 0.000269 0.000243 0.000217 0.000190 0.000163 0.000136 0.000109 0.000082 0.000055 0.000027 0.000000 
0.000000 0.000021 0.000043 0.000064 0.000085 0.000106 0.000127 0.000148 0.000169 0.000189 0.000209 0.000230 0.000250 0.000269 0.000289 0.000308 0.000327 0.000345 0.000363 0.000381 0.000398 0.000415 0.000432 0.000448 0.000464 0.000479 0.000494 0.000508 0.000522 0.000536 0.000548 0.000561 0.000572 0.000583 0.000594 0.000604 0.000613 0.000622 0.000630 0.000638 0.000645 0.000651 0.000657 0.000662 0.000666 0.000670 0.000673 0.000675 0.000677 0.000678 0.000678 0.000678 0.000677 0.000675 0.000673 0.000670 0.000666 0.000662 0.000657 0.000651 0.000645 0.000638 0.000630 0.000622 0.000613 0.000604 0.000594 0.000583 0.000572 0.000561 0.000548 0.000536 0.000522 0.000508 0.000494 0.000479 0.000464 0.000448 0.000432 0.000415 0.000398 0.000381 0.000363 0.000345 0.000327 0.000308 0.000289 0.000269 0.000250 0.000230 0.000209 0.000189 0.000169 0.000148 0.000127 0.000106 0.000085 0.000064 0.000043 0.000021 0.000000 
0.000000 0.000017 0.000033 0.000050 0.000066 0.000082 0.000099 0.000115 0.000131 0.000147 0.000163 0.000179 0.000194 0.000209 0.000224 0.000239 0.000254 0.000268 0.000282 0.000296 0.000310 0.000323 0.000336 0.000349 0.000361 0.000373 0.000384 0.000395 0.000406 0.000416 0.000426 0.000436 0.000445 0.000454 0.000462 0.000470 0.000477 0.000484 0.000490 0.000496 0.000501 0.000506 0.000510 0.000514 0.000518 0.000521 0.000523 0.000525 0.000526 0.000527 0.000527 0.000527 0.000526 0.000525 0.000523 0.000521 0.000518 0.000514 0.000510 0.000506 0.000501 0.000496 0.000490 0.000484 0.000477 0.000470 0.000462 0.000454 0.000445 0.000436 0.000426 0.000416 0.000406 0.000395 0.000384 0.000373 0.000361 0.000349 0.000336 0.000323 0.000310 0.000296 0.000282 0.000268 0.000254 0.000239 0.000224 0.000209 0.000194 0.000179 0.000163 0.000147 0.000131 0.000115 0.000099 0.000082 0.000066 0.000050 0.000033 0.000017 0.000000 
0.000000 0.000013 0.000026 0.000039 0.000051 0.000064 0.000077 0.000089 0.000102 0.000114 0.000127 0.000139 0.000151 0.000163 0.000174 0.000186 0.000197 0.000209 0.000220 0.000230 0.000241 0.000251 0.000261 0.000271 0.000281 0.000290 0.000299 0.000307 0.000316 0.000324 0.000332 0.000339 0.000346 0.000353 0.000359 0.000365 0.000371 0.000376 0.000381 0.000386 0.000390 0.000394 0.000397 0.000400 0.000403 0.000405 0.000407 0.000408 0.000409 0.000410 0.000410 0.000410 0.000409 0.000408 0.000407 0.000405 0.000403 0.000400 0.000397 0.000394 0.000390 0.000386 0.000381 0.000376 0.000371 0.000365 0.000359 0.000353 0.000346 0.000339 0.000332 0.000324 0.000316 0.000307 0.000299 0.000290 0.000281 0.000271 0.000261 0.000251 0.000241 0.000230 0.000220 0.000209 0.000197 0.000186 0.000174 0.000163 0.000151 0.000139 0.000127 0.000114 0.000102 0.000089 0.000077 0.000064 0.000051 0.000039 0.000026 0.000013 0.000000 
0.000000 0.000010 0.000020 0.000030 0.000040 0.000050 0.000060 0.000070 0.000079 0.000089 0.000098 0.000108 0.000117 0.000127 0.000136 0.000145 0.000153 0.000162 0.000171 0.000179 0.000187 0.000195 0.000203 0.000211 0.000218 0.000225 0.000232 0.000239 0.000245 0.000252 0.000258 0.000264 0.000269 0.000274 0.000279 0.000284 0.000288 0.000292 0.000296 0.000300 0.000303 0.000306 0.000309 0.000311 0.000313 0.000315 0.000316 0.000317 0.000318 0.000318 0.000319 0.000318 0.000318 0.000317 0.000316 0.000315 0.000313 0.000311 0.000309 0.000306 0.000303 0.000300 0.000296 0.000292 0.000288 0.000284 0.000279 0.000274 0.000269 0.000264 0.000258 0.000252 0.000245 0.000239 0.000232 0.000225 0.000218 0.000211 0.000203 0.000195 0.000187 0.000179 0.000171 0.000162 0.000153 0.000145 0.000136 0.000127 0.000117 0.000108 0.000098 0.000089 0.000079 0.000070 0.000060 0.000050 0.000040 0.000030 0.000020 0.000010 0.000000 
0.000000 0.000008 0.000016 0.000023 0.000031 0.000039 0.000046 0.000054 0.000062 0.000069 0.000077 0.000084 0.000091 0.000098 0.000105 0.000112 0.000119 0.000126 0.000133 0.000139 0.000146 0.000152 0.000158 0.000164 0.000170 0.000175 0.000181 0.000186 0.000191 0.000196 0.000200 0.000205 0.000209 0.000213 0.000217 0.000221 0.000224 0.000227 0.000230 0.000233 0.000236 0.000238 0.000240 0.000242 0.000243 0.000245 0.000246 0.000247 0.000247 0.000248 0.000248 0.000248 0.000247 0.000247 0.000246 0.000245 0.000243 0.000242 0.000240 0.000238 0.000236 0.000233 0.000230 0.000227 0.000224 0.000221 0.000217 0.000213 0.000209 0.000205 0.000200 0.000196 0.000191 0.000186 0.000181 0.000175 0.000170 0.000164 0.000158 0.000152 0.000146 0.000139 0.000133 0.000126 0.000119 0.000112 0.000105 0.000098 0.000091 0.000084 0.000077 0.000069 0.000062 0.000054 0.000046 0.000039 0.000031 0.000023 0.000016 0.000008 0.000000 
0.000000 0.000006 0.000012 0.000018 0.000024 0.000030 0.000036 0.000042 0.000048 0.000054 0.000060 0.000065 0.000071 0.000076 0.000082 0.000087 0.000093 0.000098 0.000103 0.000108 0.000113 0.000118 0.000123 0.000127 0.000132 0.000136 0.000140 0.000144 0.000148 0.000152 0.000156 0.000159 0.000163 0.000166 0.000169 0.000172 0.000174 0.000177 0.000179 0.000181 0.000183 0.000185 0.000187 0.000188 0.000189 0.000190 0.000191 0.000192 0.000192 0.000193 0.000193 0.000193 0.000192 0.000192 0.000191 0.000190 0.000189 0.000188 0.000187 0.000185 0.000183 0.000181 0.000179 0.000177 0.000174 0.000172 0.000169 0.000166 0.000163 0.000159 0.000156 0.000152 0.000148 0.000144 0.000140 0.000136 0.000132 0.000127 0.000123 0.000118 0.000113 0.000108 0.000103 0.000098 0.000093 0.000087 0.000082 0.000076 0.000071 0.000065 0.000060 0.000054 0.000048 0.000042 0.000036 0.000030 0.000024 0.000018 0.000012 0.000006 0.000000 
0.000000 0.000005 0.000009 0.000014 0.000019 0.000023 0.000028 0.000033 0.000037 0.000042 0.000046 0.000051 0.000055 0.000059 0.000064 0.000068 0.000072 0.000076 0.000080 0.000084 0.000088 0.000092 0.000095 0.000099 0.000103 0.000106 0.000109 0.000112 0.000115 0.000118 0.000121 0.000124 0.000126 0.000129 0.000131 0.000133 0.000136 0.000137 0.000139 0.000141 0.000142 0.000144 0.000145 0.000146 0.000147 0.000148 0.000149 0.000149 0.000149 0.000150 0.000150 0.000150 0.000149 0.000149 0.000149 0.000148 0.000147 0.000146 0.000145 0.000144 0.000142 0.000141 0.000139 0.000137 0.000136 0.000133 0.000131 0.000129 0.000126 0.000124 0.000121 0.000118 0.000115 0.000112 0.000109 0.000106 0.000103 0.000099 0.000095 0.000092 0.000088 0.000084 0.000080 0.000076 0.000072 0.000068 0.000064 0.000059 0.000055 0.000051 0.000046 0.000042 0.000037 0.000033 0.000028 0.000023 0.000019 0.000014 0.000009 0.000005 0.000000 
0.000000 0.000004 0.000007 0.000011 0.000015 0.000018 0.000022 0.000025 0.000029 0.000032 0.000036 0.000039 0.000043 0.000046 0.000050 0.000053 0.000056 0.000059 0.000062 0.000065 0.000068 0.000071 0.000074 0.000077 0.000080 0.000082 0.000085 0.000087 0.000090 0.000092 0.000094 0.000096 0.000098 0.000100 0.000102 0.000104 0.000105 0.000107 0.000108 0.000110 0.000111 0.000112 0.000113 0.000114 0.000114 0.000115 0.000116 0.000116 0.000116 0.000116 0.000116 0.000116 0.000116 0.000116 0.000116 0.000115 0.000114 0.000114 0.000113 0.000112 0.000111 0.000110 0.000108 0.000107 0.000105 0.000104 0.000102 0.000100 0.000098 0.000096 0.000094 0.000092 0.000090 0.000087 0.000085 0.000082 0.000080 0.000077 0.000074 0.000071 0.000068 0.000065 0.000062 0.000059 0.000056 0.000053 0.000050 0.000046 0.000043 0.000039 0.000036 0.000032 0.000029 0.000025 0.000022 0.000018 0.000015 0.000011 0.000007 0.000004 0.000000 
0.000000 0.000003 0.000006 0.000009 0.000011 0.000014 0.000017 0.000020 0.000023 0.000025 0.000028 0.000031 0.000033 0.000036 0.000039 0.000041 0.000044 0.000046 0.000049 0.000051 0.000053 0.000055 0.000058 0.000060 0.000062 0.000064 0.000066 0.000068 0.000070 0.000072 0.000073 0.000075 0.000076 0.000078 0.000079 0.000081 0.000082 0.000083 0.000084 0.000085 0.000086 0.000087 0.000088 0.000088 0.000089 0.000089 0.000090 0.000090 0.000090 0.000090 0.000091 0.000090 0.000090 0.000090 0.000090 0.000089 0.000089 0.000088 0.000088 0.000087 0.000086 0.000085 0.000084 0.000083 0.000082 0.000081 0.000079 0.000078 0.000076 0.000075 0.000073 0.000072 0.000070 0.000068 0.000066 0.000064 0.000062 0.000060 0.000058 0.000055 0.000053 0.000051 0.000049 0.000046 0.000044 0.000041 0.000039 0.000036 0.000033 0.000031 0.000028 0.000025 0.000023 0.000020 0.000017 0.000014 0.000011 0.000009 0.000006 0.000003 0.000000 
0.000000 0.000002 0.000004 0.000007 0.000009 0.000011 0.000013 0.000015 0.000018 0.000020 0.000022 0.000024 0.000026 0.000028 0.000030 0.000032 0.000034 0.000036 0.000038 0.000040 0.000041 0.000043 0.000045 0.000047 0.000048 0.000050 0.000051 0.000053 0.000054 0.000056 0.000057 0.000058 0.000059 0.000061 0.000062 0.000063 0.000064 0.000065 0.000065 0.000066 0.000067 0.000068 0.000068 0.000069 0.000069 0.000070 0.000070 0.000070 0.000070 0.000070 0.000070 0.000070 0.000070 0.000070 0.000070 0.000070 0.000069 0.000069 0.000068 0.000068 0.000067 0.000066 0.000065 0.000065 0.000064 0.000063 0.000062 0.000061 0.000059 0.000058 0.000057 0.000056 0.000054 0.000053 0.000051 0.000050 0.000048 0.000047 0.000045 0.000043 0.000041 0.000040 0.000038 0.000036 0.000034 0.000032 0.000030 0.000028 0.000026 0.000024 0.000022 0.000020 0.000018 0.000015 0.000013 0.000011 0.000009 0.000007 0.000004 0.000002 0.000000 
0.000000 0.000002 0.000003 0.000005 0.000007 0.000009 0.000010 0.000012 0.000014 0.000015 0.000017 0.000019 0.000020 0.000022 0.000023 0.000025 0.000026 0.000028 0.000029 0.000031 0.000032 0.000034 0.000035 0.000036 0.000037 0.000039 0.000040 0.000041 0.000042 0.000043 0.000044 0.000045 0.000046 0.000047 0.000048 0.000049 0.000050 0.000050 0.000051 0.000051 0.000052 0.000053 0.000053 0.000053 0.000054 0.000054 0.000054 0.000054 0.000055 0.000055 0.000055 0.000055 0.000055 0.000054 0.000054 0.000054 0.000054 0.000053 0.000053 0.000053 0.000052 0.000051 0.000051 0.000050 0.000050 0.000049 0.000048 0.000047 0.000046 0.000045 0.000044 0.000043 0.000042 0.000041 0.000040 0.000039 0.000037 0.000036 0.000035 0.000034 0.000032 0.000031 0.000029 0.000028 0.000026 0.000025 0.000023 0.000022 0.000020 0.000019 0.000017 0.000015 0.000014 0.000012 0.000010 0.000009 0.000007 0.000005 0.000003 0.000002 0.000000 
0.000000 0.000001 0.000003 0.000004 0.000005 0.000007 0.000008 0.000009 0.000011 0.000012 0.000013 0.000014 0.000016 0.000017 0.000018 0.000019 0.000020 0.000022 0.000023 0.000024 0.000025 0.000026 0.000027 0.000028 0.000029 0.000030 0.000031 0.000032 0.000033 0.000034 0.000034 0.000035 0.000036 0.000037 0.000037 0.000038 0.000039 0.000039 0.000040 0.000040 0.000040 0.000041 0.000041 0.000042 0.000042 0.000042 0.000042 0.000042 0.000042 0.000043 0.000043 0.000043 0.000042 0.000042 0.000042 0.000042 0.000042 0.000042 0.000041 0.000041 0.000040 0.000040 0.000040 0.000039 0.000039 0.000038 0.000037 0.000037 0.000036 0.000035 0.000034 0.000034 0.000033 0.000032 0.000031 0.000030 0.000029 0.000028 0.000027 0.000026 0.000025 0.000024 0.000023 0.000022 0.000020 0.000019 0.000018 0.000017 0.000016 0.000014 0.000013 0.000012 0.000011 0.000009 0.000008 0.000007 0.000005 0.000004 0.000003 0.000001 0.000000 
0.000000 0.000001 0.000002 0.000003 0.000004 0.000005 0.000006 0.000007 0.000008 0.000009 0.000010 0.000011 0.000012 0.000013 0.000014 0.000015 0.000016 0.000017 0.000018 0.000019 0.000019 0.000020 0.000021 0.000022 0.000023 0.000023 0.000024 0.000025 0.000025 0.000026 0.000027 0.000027 0.000028 0.000028 0.000029 0.000029 0.000030 0.000030 0.000031 0.000031 0.000031 0.000032 0.000032 0.000032 0.000032 0.000033 0.000033 0.000033 0.000033 0.000033 0.000033 0.000033 0.000033 0.000033 0.000033 0.000033 0.000032 0.000032 0.000032 0.000032 0.000031 0.000031 0.000031 0.000030 0.000030 0.000029 0.000029 0.000028 0.000028 0.000027 0.000027 0.000026 0.000025 0.000025 0.000024 0.000023 0.000023 0.000022 0.000021 0.000020 0.000019 0.000019 0.000018 0.000017 0.000016 0.000015 0.000014 0.000013 0.000012 0.000011 0.000010 0.000009 0.000008 0.000007 0.000006 0.000005 0.000004 0.000003 0.000002 0.000001 0.000000 
0.000000 0.000001 0.000002 0.000002 0.000003 0.000004 0.000005 0.000006 0.000006 0.000007 0.000008 0.000009 0.000009 0.000010 0.000011 0.000012 0.000012 0.000013 0.000014 0.000014 0.000015 0.000016 0.000016 0.000017 0.000018 0.000018 0.000019 0.000019 0.000020 0.000020 0.000021 0.000021 0.000022 0.000022 0.000023 0.000023 0.000023 0.000024 0.000024 0.000024 0.000024 0.000025 0.000025 0.000025 0.000025 0.000025 0.000026 0.000026 0.000026 0.000026 0.000026 0.000026 0.000026 0.000026 0.000026 0.000025 0.000025 0.000025 0.000025 0.000025 0.000024 0.000024 0.000024 0.000024 0.000023 0.000023 0.000023 0.000022 0.000022 0.000021 0.000021 0.000020 0.000020 0.000019 0.000019 0.000018 0.000018 0.000017 0.000016 0.000016 0.000015 0.000014 0.000014 0.000013 0.000012 0.000012 0.000011 0.000010 0.000009 0.000009 0.000008 0.000007 0.000006 0.000006 0.000005 0.000004 0.000003 0.000002 0.000002 0.000001 0.000000 
0.000000 0.000001 0.000001 0.000002 0.000003 0.000003 0.000004 0.000004 0.000005 0.000006 0.000006 0.000007 0.000007 0.000008 0.000009 0.000009 0.000010 0.000010 0.000011 0.000011 0.000012 0.000012 0.000013 0.000013 0.000014 0.000014 0.000015 0.000015 0.000015 0.000016 0.000016 0.000017 0.000017 0.000017 0.000018 0.000018 0.000018 0.000018 0.000019 0.000019 0.000019 0.000019 0.000019 0.000020 0.000020 0.000020 0.000020 0.000020 0.000020 0.000020 0.000020 0.000020 0.000020 0.000020 0.000020 0.000020 0.000020 0.000020 0.000019 0.000019 0.000019 0.000019 0.000019 0.000018 0.000018 0.000018 0.000018 0.000017 0.000017 0.000017 0.000016 0.000016 0.000015 0.000015 0.000015 0.000014 0.000014 0.000013 0.000013 0.000012 0.000012 0.000011 0.000011 0.000010 0.000010 0.000009 0.000009 0.000008 0.000007 0.000007 0.000006 0.000006 0.000005 0.000004 0.000004 0.000003 0.000003 0.000002 0.000001 0.000001 0.000000 
0.000000 0.000000 0.000001 0.000001 0.000002 0.000002 0.000003 0.000003 0.000004 0.000004 0.000005 0.000005 0.000006 0.000006 0.000007 0.000007 0.000007 0.000008 0.000008 0.000009 0.000009 0.000010 0.000010 0.000010 0.000011 0.000011 0.000011 0.000012 0.000012 0.000012 0.000013 0.000013 0.000013 0.000013 0.000014 0.000014 0.000014 0.000014 0.000014 0.000015 0.000015 0.000015 0.000015 0.000015 0.000015 0.000015 0.000015 0.000015 0.000016 0.000016 0.000016 0.000016 0.000016 0.000015 0.000015 0.000015 0.000015 0.000015 0.000015 0.000015 0.000015 0.000015 0.000014 0.000014 0.000014 0.000014 0.000014 0.000013 0.000013 0.000013 0.000013 0.000012 0.000012 0.000012 0.000011 0.000011 0.000011 0.000010 0.000010 0.000010 0.000009 0.000009 0.000008 0.000008 0.000007 0.000007 0.000007 0.000006 0.000006 0.000005 0.000005 0.000004 0.000004 0.000003 0.000003 0.000002 0.000002 0.000001 0.000001 0.000000 0.000000 
0.000000 0.000000 0.000001 0.000001 0.000002 0.000002 0.000002 0.000003 0.000003 0.000003 0.000004 0.000004 0.000004 0.000005 0.000005 0.000005 0.000006 0.000006 0.000006 0.000007 0.000007 0.000007 0.000008 0.000008 0.000008 0.000009 0.000009 0.000009 0.000009 0.000010 0.000010 0.000010 0.000010 0.000010 0.000011 0.000011 0.000011 0.000011 0.000011 0.000011 0.000011 0.000012 0.000012 0.000012 0.000012 0.000012 0.000012 0.000012 0.000012 0.000012 0.000012 0.000012 0.000012 0.000012 0.000012 0.000012 0.000012 0.000012 0.000012 0.000012 0.000011 0.000011 0.000011 0.000011 0.000011 0.000011 0.000011 0.000010 0.000010 0.000010 0.000010 0.000010 0.000009 0.000009 0.000009 0.000009 0.000008 0.000008 0.000008 0.000007 0.000007 0.000007 0.000006 0.000006 0.000006 0.000005 0.000005 0.000005 0.000004 0.000004 0.000004 0.000003 0.000003 0.000003 0.000002 0.000002 0.000002 0.000001 0.000001 0.000000 0.000000 
0.000000 0.000000 0.000001 0.000001 0.000001 0.000001 0.000002 0.000002 0.000002 0.000003 0.000003 0.000003 0.000003 0.000004 0.000004 0.000004 0.000005 0.000005 0.000005 0.000005 0.000006 0.000006 0.000006 0.000006 0.000006 0.000007 0.000007 0.000007 0.000007 0.000007 0.000008 0.000008 0.000008 0.000008 0.000008 0.000008 0.000009 0.000009 0.000009 0.000009 0.000009 0.000009 0.000009 0.000009 0.000009 0.000009 0.000009 0.000009 0.000009 0.000009 0.000009 0.000009 0.000009 0.000009 0.000009 0.000009 0.000009 0.000009 0.000009 0.000009 0.000009 0.000009 0.000009 0.000009 0.000009 0.000008 0.000008 0.000008 0.000008 0.000008 0.000008 0.000007 0.000007 0.000007 0.000007 0.000007 0.000006 0.000006 0.000006 0.000006 0.000006 0.000005 0.000005 0.000005 0.000005 0.000004 0.000004 0.000004 0.000003 0.000003 0.000003 0.000003 0.000002 0.000002 0.000002 0.000001 0.000001 0.000001 0.000001 0.000000 0.000000 
0.000000 0.000000 0.000000 0.000001 0.000001 0.000001 0.000001 0.000002 0.000002 0.000002 0.000002 0.000002 0.000003 0.000003 0.000003 0.000003 0.000004 0.000004 0.000004 0.000004 0.000004 0.000004 0.000005 0.000005 0.000005 0.000005 0.000005 0.000005 0.000006 0.000006 0.000006 0.000006 0.000006 0.000006 0.000006 0.000007 0.000007 0.000007 0.000007 0.000007 0.000007 0.000007 0.000007 0.000007 0.000007 0.000007 0.000007 0.000007 0.000007 0.000007 0.000007 0.000007 0.000007 0.000007 0.000007 0.000007 0.000007 0.000007 0.000007 0.000007 0.000007 0.000007 0.000007 0.000007 0.000007 0.000007 0.000006 0.000006 0.000006 0.000006 0.000006 0.000006 0.000006 0.000005 0.000005 0.000005 0.000005 0.000005 0.000005 0.000004 0.000004 0.000004 0.000004 0.000004 0.000004 0.000003 0.000003 0.000003 0.000003 0.000002 0.000002 0.000002 0.000002 0.000002 0.000001 0.000001 0.000001 0.000001 0.000000 0.000000 0.000000 
0.000000 0.000000 0.000000 0.000001 0.000001 0.000001 0.000001 0.000001 0.000001 0.000002 0.000002 0.000002 0.000002 0.000002 0.000002 0.000003 0.000003 0.000003 0.000003 0.000003 0.000003 0.000003 0.000004 0.000004 0.000004 0.000004 0.000004 0.000004 0.000004 0.000004 0.000005 0.000005 0.000005 0.000005 0.000005 0.000005 0.000005 0.000005 0.000005 0.000005 0.000005 0.000005 0.000006 0.000006 0.000006 0.000006 0.000006 0.000006 0.000006 0.000006 0.000006 0.000006 0.000006 0.000006 0.000006 0.000006 0.000006 0.000006 0.000006 0.000005 0.000005 0.000005 0.000005 0.000005 0.000005 0.000005 0.000005 0.000005 0.000005 0.000005 0.000005 0.000004 0.000004 0.000004 0.000004 0.000004 0.000004 0.000004 0.000004 0.000003 0.000003 0.000003 0.000003 0.000003 0.000003 0.000003 0.000002 0.000002 0.000002 0.000002 0.000002 0.000002 0.000001 0.000001 0.000001 0.000001 0.000001 0.000001 0.000000 0.000000 0.000000 
0.000000 0.000000 0.000000 0.000000 0.000001 0.000001 0.000001 0.000001 0.000001 0.000001 0.000001 0.000001 0.000002 0.000002 0.000002 0.000002 0.000002 0.000002 0.000002 0.000002 0.000003 0.000003 0.000003 0.000003 0.000003 0.000003 0.000003 0.000003 0.000003 0.000003 0.000004 0.000004 0.000004 0.000004 0.000004 0.000004 0.000004 0.000004 0.000004 0.000004 0.000004 0.000004 0.000004 0.000004 0.000004 0.000004 0.000004 0.000004 0.000004 0.000004 0.000004 0.000004 0.000004 0.000004 0.000004 0.000004 0.000004 0.000004 0.000004 0.000004 0.000004 0.000004 0.000004 0.000004 0.000004 0.000004 0.000004 0.000004 0.000004 0.000004 0.000004 0.000003 0.000003 0.000003 0.000003 0.000003 0.000003 0.000003 0.000003 0.000003 0.000003 0.000002 0.000002 0.000002 0.000002 0.000002 0.000002 0.000002 0.000002 0.000001 0.000001 0.000001 0.000001 0.000001 0.000001 0.000001 0.000001 0.000000 0.000000 0.000000 0.000000 
0.000000 0.000000 0.000000 0.000000 0.000000 0.000001 0.000001 0.000001 0.000001 0.000001 0.000001 0.000001 0.000001 0.000001 0.000001 0.000002 0.000002 0.000002 0.000002 0.000002 0.000002 0.000002 0.000002 0.000002 0.000002 0.000002 0.000003 0.000003 0.000003 0.000003 0.000003 0.000003 0.000003 0.000003 0.000003 0.000003 0.000003 0.000003 0.000003 0.000003 0.000003 0.000003 0.000003 0.000003 0.000003 0.000003 0.000003 0.000003 0.000003 0.000003 0.000003 0.000003 0.000003 0.000003 0.000003 0.000003 0.000003 0.000003 0.000003 0.000003 0.000003 0.000003 0.000003 0.000003 0.000003 0.000003 0.000003 0.000003 0.000003 0.000003 0.000003 0.000003 0.000003 0.000003 0.000003 0.000002 0.000002 0.000002 0.000002 0.000002 0.000002 0.000002 0.000002 0.000002 0.000002 0.000002 0.000001 0.000001 0.000001 0.000001 0.000001 0.000001 0.000001 0.000001 0.000001 0.000001 0.000000 0.000000 0.000000 0.000000 0.000000 
0.000000 0.000000 0.000000 0.000000 0.000000 0.000000 0.000001 0.000001 0.000001 0.000001 0.000001 0.000001 0.000001 0.000001 0.000001 0.000001 0.000001 0.000001 0.000001 0.000002 0.000002 0.000002 0.000002 0.000002 0.000002 0.000002 0.000002 0.000002 0.000002 0.000002 0.000002 0.000002 0.000002 0.000002 0.000002 0.000002 0.000002 0.000002 0.000002 0.000003 0.000003 0.000003 0.000003 0.000003 0.000003 0.000003 0.000003 0.000003 0.000003 0.000003 0.000003 0.000003 0.000003 0.000003 0.000003 0.000003 0.000003 0.000003 0.000003 0.000003 0.000003 0.000003 0.000002 0.000002 0.000002 0.000002 0.000002 0.000002 0.000002 0.000002 0.000002 0.000002 0.000002 0.000002 0.000002 0.000002 0.000002 0.000002 0.000002 0.000002 0.000002 0.000002 0.000001 0.000001 0.000001 0.000001 0.000001 0.000001 0.000001 0.000001 0.000001 0.000001 0.000001 0.000001 0.000001 0.000000 0.000000 0.000000 0.000000 0.000000 0.000000 
0.000000 0.000000 0.000000 0.000000 0.000000 0.000000 0.000000 0.000000 0.000001 0.000001 0.000001 0.000001 0.000001 0.000001 0.000001 0.000001 0.000001 0.000001 0.000001 0.000001 0.000001 0.000001 0.000001 0.000001 0.000001 0.000001 0.000002 0.000002 0.000002 0.000002 0.000002 0.000002 0.000002 0.000002 0.000002 0.000002 0.000002 0.000002 0.000002 0.000002 0.000002 0.000002 0.000002 0.000002 0.000002 0.000002 0.000002 0.000002 0.000002 0.000002 0.000002 0.000002 0.000002 0.000002 0.000002 0.000002 0.000002 0.000002 0.000002 0.000002 0.000002 0.000002 0.000002 0.000002 0.000002 0.000002 0.000002 0.000002 0.000002 0.000002 0.000002 0.000002 0.000002 0.000002 0.000002 0.000001 0.000001 0.000001 0.000001 0.000001 0.000001 0.000001 0.000001 0.000001 0.000001 0.000001 0.000001 0.000001 0.000001 0.000001 0.000001 0.000001 0.000001 0.000000 0.000000 0.000000 0.000000 0.000000 0.000000 0.000000 0.000000 
0.000000 0.000000 0.000000 0.000000 0.000000 0.000000 0.000000 0.000000 0.000000 0.000000 0.000000 0.000001 0.000001 0.000001 0.000001 0.000001 0.000001 0.000001 0.000001 0.000001 0.000001 0.000001 0.000001 0.000001 0.000001 0.000001 0.000001 0.000001 0.000001 0.000001 0.000001 0.000001 0.000001 0.000001 0.000001 0.000001 0.000001 0.000001 0.000002 0.000002 0.000002 0.000002 0.000002 0.000002 0.000002 0.000002 0.000002 0.000002 0.000002 0.000002 0.000002 0.000002 0.000002 0.000002 0.000002 0.000002 0.000002 0.000002 0.000002 0.000002 0.000002 0.000002 0.000002 0.000001 0.000001 0.000001 0.000001 0.000001 0.000001 0.000001 0.000001 0.000001 0.000001 0.000001 0.000001 0.000001 0.000001 0.000001 0.000001 0.000001 0.000001 0.000001 0.000001 0.000001 0.000001 0.000001 0.000001 0.000001 0.000001 0.000001 0.000000 0.000000 0.000000 0.000000 0.000000 0.000000 0.000000 0.000000 0.000000 0.000000 0.000000 
0.000000 0.000000 0.000000 0.000000 0.000000 0.000000 0.000000 0.000000 0.000000 0.000000 0.000000 0.000000 0.000000 0.000000 0.000001 0.000001 0.000001 0.000001 0.000001 0.000001 0.000001 0.000001 0.000001 0.000001 0.000001 0.000001 0.000001 0.000001 0.000001 0.000001 0.000001 0.000001 0.000001 0.000001 0.000001 0.000001 0.000001 0.000001 0.000001 0.000001 0.000001 0.000001 0.000001 0.000001 0.000001 0.000001 0.000001 0.000001 0.000001 0.000001 0.000001 0.000001 0.000001 0.000001 0.000001 0.000001 0.000001 0.000001 0.000001 0.000001 0.000001 0.000001 0.000001 0.000001 0.000001 0.000001 0.000001 0.000001 0.000001 0.000001 0.000001 0.000001 0.000001 0.000001 0.000001 0.000001 0.000001 0.000001 0.000001 0.000001 0.000001 0.000001 0.000001 0.000001 0.000001 0.000001 0.000001 0.000000 0.000000 0.000000 0.000000 0.000000 0.000000 0.000000 0.000000 0.000000 0.000000 0.000000 0.000000 0.000000 0.000000 
0.000000 0.000000 0.000000 0.000000 0.000000 0.000000 0.000000 0.000000 0.000000 0.000000 0.000000 0.000000 0.000000 0.000000 0.000000 0.000000 0.000000 0.000000 0.000001 0.000001 0.000001 0.000001 0.000001 0.000001 0.000001 0.000001 0.000001 0.000001 0.000001 0.000001 0.000001 0.000001 0.000001 0.000001 0.000001 0.000001 0.000001 0.000001 0.000001 0.000001 0.000001 0.000001 0.000001 0.000001 0.000001 0.000001 0.000001 0.000001 0.000001 0.000001 0.000001 0.000001 0.000001 0.000001 0.000001 0.000001 0.000001 0.000001 0.000001 0.000001 0.000001 0.000001 0.000001 0.000001 0.000001 0.000001 0.000001 0.000001 0.000001 0.000001 0.000001 0.000001 0.000001 0.000001 0.000001 0.000001 0.000001 0.000001 0.000001 0.000001 0.000001 0.000001 0.000001 0.000000 0.000000 0.000000 0.000000 0.000000 0.000000 0.000000 0.000000 0.000000 0.000000 0.000000 0.000000 0.000000 0.000000 0.000000 0.000000 0.000000 0.000000 
0.000000 0.000000 0.000000 0.000000 0.000000 0.000000 0.000000 0.000000 0.000000 0.000000 0.000000 0.000000 0.000000 0.000000 0.000000 0.000000 0.000000 0.000000 0.000000 0.000000 0.000000 0.000000 0.000000 0.000001 0.000001 0.000001 0.000001 0.000001 0.000001 0.000001 0.000001 0.000001 0.000001 0.000001 0.000001 0.000001 0.000001 0.000001 0.000001 0.000001 0.000001 0.000001 0.000001 0.000001 0.000001 0.000001 0.000001 0.000001 0.000001 0.000001 0.000001 0.000001 0.000001 0.000001 0.000001 0.000001 0.000001 0.000001 0.000001 0.000001 0.000001 0.000001 0.000001 0.000001 0.000001 0.000001 0.000001 0.000001 0.000001 0.000001 0.000001 0.000001 0.000001 0.000001 0.000001 0.000001 0.000001 0.000001 0.000000 0.000000 0.000000 0.000000 0.000000 0.000000 0.000000 0.000000 0.000000 0.000000 0.000000 0.000000 0.000000 0.000000 0.000000 0.000000 0.000000 0.000000 0.000000 0.000000 0.000000 0.000000 0.000000 
0.000000 0.000000 0.000000 0.000000 0.000000 0.000000 0.000000 0.000000 0.000000 0.000000 0.000000 0.000000 0.000000 0.000000 0.000000 0.000000 0.000000 0.000000 0.000000 0.000000 0.000000 0.000000 0.000000 0.000000 0.000000 0.000000 0.000000 0.000000 0.000000 0.000000 0.000000 0.000000 0.000000 0.000001 0.000001 0.000001 0.000001 0.000001 0.000001 0.000001 0.000001 0.000001 0.000001 0.000001 0.000001 0.000001 0.000001 0.000001 0.000001 0.000001 0.000001 0.000001 0.000001 0.000001 0.000001 0.000001 0.000001 0.000001 0.000001 0.000001 0.000001 0.000001 0.000001 0.000001 0.000001 0.000001 0.000001 0.000001 0.000000 0.000000 0.000000 0.000000 0.000000 0.000000 0.000000 0.000000 0.000000 0.000000 0.000000 0.000000 0.000000 0.000000 0.000000 0.000000 0.000000 0.000000 0.000000 0.000000 0.000000 0.000000 0.000000 0.000000 0.000000 0.000000 0.000000 0.000000 0.000000 0.000000 0.000000 0.000000 0.000000 
0.000000 0.000000 0.000000 0.000000 0.000000 0.000000 0.000000 0.000000 0.000000 0.000000 0.000000 0.000000 0.000000 0.000000 0.000000 0.000000 0.000000 0.000000 0.000000 0.000000 0.000000 0.000000 0.000000 0.000000 0.000000 0.000000 0.000000 0.000000 0.000000 0.000000 0.000000 0.000000 0.000000 0.000000 0.000000 0.000000 0.000000 0.000000 0.000000 0.000000 0.000000 0.000000 0.000000 0.000000 0.000000 0.000000 0.000000 0.000000 0.000000 0.000000 0.000000 0.000000 0.000000 0.000000 0.000000 0.000000 0.000000 0.000000 0.000000 0.000000 0.000000 0.000000 0.000000 0.000000 0.000000 0.000000 0.000000 0.000000 0.000000 0.000000 0.000000 0.000000 0.000000 0.000000 0.000000 0.000000 0.000000 0.000000 0.000000 0.000000 0.000000 0.000000 0.000000 0.000000 0.000000 0.000000 0.000000 0.000000 0.000000 0.000000 0.000000 0.000000 0.000000 0.000000 0.000000 0.000000 0.000000 0.000000 0.000000 0.000000 0.000000 
0.000000 0.000000 0.000000 0.000000 0.000000 0.000000 0.000000 0.000000 0.000000 0.000000 0.000000 0.000000 0.000000 0.000000 0.000000 0.000000 0.000000 0.000000 0.000000 0.000000 0.000000 0.000000 0.000000 0.000000 0.000000 0.000000 0.000000 0.000000 0.000000 0.000000 0.000000 0.000000 0.000000 0.000000 0.000000 0.000000 0.000000 0.000000 0.000000 0.000000 0.000000 0.000000 0.000000 0.000000 0.000000 0.000000 0.000000 0.000000 0.000000 0.000000 0.000000 0.000000 0.000000 0.000000 0.000000 0.000000 0.000000 0.000000 0.000000 0.000000 0.000000 0.000000 0.000000 0.000000 0.000000 0.000000 0.000000 0.000000 0.000000 0.000000 0.000000 0.000000 0.000000 0.000000 0.000000 0.000000 0.000000 0.000000 0.000000 0.000000 0.000000 0.000000 0.000000 0.000000 0.000000 0.000000 0.000000 0.000000 0.000000 0.000000 0.000000 0.000000 0.000000 0.000000 0.000000 0.000000 0.000000 0.000000 0.000000 0.000000 0.000000 
0.000000 0.000000 0.000000 0.000000 0.000000 0.000000 0.000000 0.000000 0.000000 0.000000 0.000000 0.000000 0.000000 0.000000 0.000000 0.000000 0.000000 0.000000 0.000000 0.000000 0.000000 0.000000 0.000000 0.000000 0.000000 0.000000 0.000000 0.000000 0.000000 0.000000 0.000000 0.000000 0.000000 0.000000 0.000000 0.000000 0.000000 0.000000 0.000000 0.000000 0.000000 0.000000 0.000000 0.000000 0.000000 0.000000 0.000000 0.000000 0.000000 0.000000 0.000000 0.000000 0.000000 0.000000 0.000000 0.000000 0.000000 0.000000 0.000000 0.000000 0.000000 0.000000 0.000000 0.000000 0.000000 0.000000 0.000000 0.000000 0.000000 0.000000 0.000000 0.000000 0.000000 0.000000 0.000000 0.000000 0.000000 0.000000 0.000000 0.000000 0.000000 0.000000 0.000000 0.000000 0.000000 0.000000 0.000000 0.000000 0.000000 0.000000 0.000000 0.000000 0.000000 0.000000 0.000000 0.000000 0.000000 0.000000 0.000000 0.000000 0.000000 
0.000000 0.000000 0.000000 0.000000 0.000000 0.000000 0.000000 0.000000 0.000000 0.000000 0.000000 0.000000 0.000000 0.000000 0.000000 0.000000 0.000000 0.000000 0.000000 0.000000 0.000000 0.000000 0.000000 0.000000 0.000000 0.000000 0.000000 0.000000 0.000000 0.000000 0.000000 0.000000 0.000000 0.000000 0.000000 0.000000 0.000000 0.000000 0.000000 0.000000 0.000000 0.000000 0.000000 0.000000 0.000000 0.000000 0.000000 0.000000 0.000000 0.000000 0.000000 0.000000 0.000000 0.000000 0.000000 0.000000 0.000000 0.000000 0.000000 0.000000 0.000000 0.000000 0.000000 0.000000 0.000000 0.000000 0.000000 0.000000 0.000000 0.000000 0.000000 0.000000 0.000000 0.000000 0.000000 0.000000 0.000000 0.000000 0.000000 0.000000 0.000000 0.000000 0.000000 0.000000 0.000000 0.000000 0.000000 0.000000 0.000000 0.000000 0.000000 0.000000 0.000000 0.000000 0.000000 0.000000 0.000000 0.000000 0.000000 0.000000 0.000000 
0.000000 0.000000 0.000000 0.000000 0.000000 0.000000 0.000000 0.000000 0.000000 0.000000 0.000000 0.000000 0.000000 0.000000 0.000000 0.000000 0.000000 0.000000 0.000000 0.000000 0.000000 0.000000 0.000000 0.000000 0.000000 0.000000 0.000000 0.000000 0.000000 0.000000 0.000000 0.000000 0.000000 0.000000 0.000000 0.000000 0.000000 0.000000 0.000000 0.000000 0.000000 0.000000 0.000000 0.000000 0.000000 0.000000 0.000000 0.000000 0.000000 0.000000 0.000000 0.000000 0.000000 0.000000 0.000000 0.000000 0.000000 0.000000 0.000000 0.000000 0.000000 0.000000 0.000000 0.000000 0.000000 0.000000 0.000000 0.000000 0.000000 0.000000 0.000000 0.000000 0.000000 0.000000 0.000000 0.000000 0.000000 0.000000 0.000000 0.000000 0.000000 0.000000 0.000000 0.000000 0.000000 0.000000 0.000000 0.000000 0.000000 0.000000 0.000000 0.000000 0.000000 0.000000 0.000000 0.000000 0.000000 0.000000 0.000000 0.000000 0.000000 
0.000000 0.000000 0.000000 0.000000 0.000000 0.000000 0.000000 0.000000 0.000000 0.000000 0.000000 0.000000 0.000000 0.000000 0.000000 0.000000 0.000000 0.000000 0.000000 0.000000 0.000000 0.000000 0.000000 0.000000 0.000000 0.000000 0.000000 0.000000 0.000000 0.000000 0.000000 0.000000 0.000000 0.000000 0.000000 0.000000 0.000000 0.000000 0.000000 0.000000 0.000000 0.000000 0.000000 0.000000 0.000000 0.000000 0.000000 0.000000 0.000000 0.000000 0.000000 0.000000 0.000000 0.000000 0.000000 0.000000 0.000000 0.000000 0.000000 0.000000 0.000000 0.000000 0.000000 0.000000 0.000000 0.000000 0.000000 0.000000 0.000000 0.000000 0.000000 0.000000 0.000000 0.000000 0.000000 0.000000 0.000000 0.000000 0.000000 0.000000 0.000000 0.000000 0.000000 0.000000 0.000000 0.000000 0.000000 0.000000 0.000000 0.000000 0.000000 0.000000 0.000000 0.000000 0.000000 0.000000 0.000000 0.000000 0.000000 0.000000 0.000000 
0.000000 0.000000 0.000000 0.000000 0.000000 0.000000 0.000000 0.000000 0.000000 0.000000 0.000000 0.000000 0.000000 0.000000 0.000000 0.000000 0.000000 0.000000 0.000000 0.000000 0.000000 0.000000 0.000000 0.000000 0.000000 0.000000 0.000000 0.000000 0.000000 0.000000 0.000000 0.000000 0.000000 0.000000 0.000000 0.000000 0.000000 0.000000 0.000000 0.000000 0.000000 0.000000 0.000000 0.000000 0.000000 0.000000 0.000000 0.000000 0.000000 0.000000 0.000000 0.000000 0.000000 0.000000 0.000000 0.000000 0.000000 0.000000 0.000000 0.000000 0.000000 0.000000 0.000000 0.000000 0.000000 0.000000 0.000000 0.000000 0.000000 0.000000 0.000000 0.000000 0.000000 0.000000 0.000000 0.000000 0.000000 0.000000 0.000000 0.000000 0.000000 0.000000 0.000000 0.000000 0.000000 0.000000 0.000000 0.000000 0.000000 0.000000 0.000000 0.000000 0.000000 0.000000 0.000000 0.000000 0.000000 0.000000 0.000000 0.000000 0.000000 
0.000000 0.000000 0.000000 0.000000 0.000000 0.000000 0.000000 0.000000 0.000000 0.000000 0.000000 0.000000 0.000000 0.000000 0.000000 0.000000 0.000000 0.000000 0.000000 0.000000 0.000000 0.000000 0.000000 0.000000 0.000000 0.000000 0.000000 0.000000 0.000000 0.000000 0.000000 0.000000 0.000000 0.000000 0.000000 0.000000 0.000000 0.000000 0.000000 0.000000 0.000000 0.000000 0.000000 0.000000 0.000000 0.000000 0.000000 0.000000 0.000000 0.000000 0.000000 0.000000 0.000000 0.000000 0.000000 0.000000 0.000000 0.000000 0.000000 0.000000 0.000000 0.000000 0.000000 0.000000 0.000000 0.000000 0.000000 0.000000 0.000000 0.000000 0.000000 0.000000 0.000000 0.000000 0.000000 0.000000 0.000000 0.000000 0.000000 0.000000 0.000000 0.000000 0.000000 0.000000 0.000000 0.000000 0.000000 0.000000 0.000000 0.000000 0.000000 0.000000 0.000000 0.000000 0.000000 0.000000 0.000000 0.000000 0.000000 0.000000 0.000000 
0.000000 0.000000 0.000000 0.000000 0.000000 0.000000 0.000000 0.000000 0.000000 0.000000 0.000000 0.000000 0.000000 0.000000 0.000000 0.000000 0.000000 0.000000 0.000000 0.000000 0.000000 0.000000 0.000000 0.000000 0.000000 0.000000 0.000000 0.000000 0.000000 0.000000 0.000000 0.000000 0.000000 0.000000 0.000000 0.000000 0.000000 0.000000 0.000000 0.000000 0.000000 0.000000 0.000000 0.000000 0.000000 0.000000 0.000000 0.000000 0.000000 0.000000 0.000000 0.000000 0.000000 0.000000 0.000000 0.000000 0.000000 0.000000 0.000000 0.000000 0.000000 0.000000 0.000000 0.000000 0.000000 0.000000 0.000000 0.000000 0.000000 0.000000 0.000000 0.000000 0.000000 0.000000 0.000000 0.000000 0.000000 0.000000 0.000000 0.000000 0.000000 0.000000 0.000000 0.000000 0.000000 0.000000 0.000000 0.000000 0.000000 0.000000 0.000000 0.000000 0.000000 0.000000 0.000000 0.000000 0.000000 0.000000 0.000000 0.000000 0.000000 
0.000000 0.000000 0.000000 0.000000 0.000000 0.000000 0.000000 0.000000 0.000000 0.000000 0.000000 0.000000 0.000000 0.000000 0.000000 0.000000 0.000000 0.000000 0.000000 0.000000 0.000000 0.000000 0.000000 0.000000 0.000000 0.000000 0.000000 0.000000 0.000000 0.000000 0.000000 0.000000 0.000000 0.000000 0.000000 0.000000 0.000000 0.000000 0.000000 0.000000 0.000000 0.000000 0.000000 0.000000 0.000000 0.000000 0.000000 0.000000 0.000000 0.000000 0.000000 0.000000 0.000000 0.000000 0.000000 0.000000 0.000000 0.000000 0.000000 0.000000 0.000000 0.000000 0.000000 0.000000 0.000000 0.000000 0.000000 0.000000 0.000000 0.000000 0.000000 0.000000 0.000000 0.000000 0.000000 0.000000 0.000000 0.000000 0.000000 0.000000 0.000000 0.000000 0.000000 0.000000 0.000000 0.000000 0.000000 0.000000 0.000000 0.000000 0.000000 0.000000 0.000000 0.000000 0.000000 0.000000 0.000000 0.000000 0.000000 0.000000 0.000000 
0.000000 0.000000 0.000000 0.000000 0.000000 0.000000 0.000000 0.000000 0.000000 0.000000 0.000000 0.000000 0.000000 0.000000 0.000000 0.000000 0.000000 0.000000 0.000000 0.000000 0.000000 0.000000 0.000000 0.000000 0.000000 0.000000 0.000000 0.000000 0.000000 0.000000 0.000000 0.000000 0.000000 0.000000 0.000000 0.000000 0.000000 0.000000 0.000000 0.000000 0.000000 0.000000 0.000000 0.000000 0.000000 0.000000 0.000000 0.000000 0.000000 0.000000 0.000000 0.000000 0.000000 0.000000 0.000000 0.000000 0.000000 0.000000 0.000000 0.000000 0.000000 0.000000 0.000000 0.000000 0.000000 0.000000 0.000000 0.000000 0.000000 0.000000 0.000000 0.000000 0.000000 0.000000 0.000000 0.000000 0.000000 0.000000 0.000000 0.000000 0.000000 0.000000 0.000000 0.000000 0.000000 0.000000 0.000000 0.000000 0.000000 0.000000 0.000000 0.000000 0.000000 0.000000 0.000000 0.000000 0.000000 0.000000 0.000000 0.000000 0.000000 
0.000000 0.000000 0.000000 0.000000 0.000000 0.000000 0.000000 0.000000 0.000000 0.000000 0.000000 0.000000 0.000000 0.000000 0.000000 0.000000 0.000000 0.000000 0.000000 0.000000 0.000000 0.000000 0.000000 0.000000 0.000000 0.000000 0.000000 0.000000 0.000000 0.000000 0.000000 0.000000 0.000000 0.000000 0.000000 0.000000 0.000000 0.000000 0.000000 0.000000 0.000000 0.000000 0.000000 0.000000 0.000000 0.000000 0.000000 0.000000 0.000000 0.000000 0.000000 0.000000 0.000000 0.000000 0.000000 0.000000 0.000000 0.000000 0.000000 0.000000 0.000000 0.000000 0.000000 0.000000 0.000000 0.000000 0.000000 0.000000 0.000000 0.000000 0.000000 0.000000 0.000000 0.000000 0.000000 0.000000 0.000000 0.000000 0.000000 0.000000 0.000000 0.000000 0.000000 0.000000 0.000000 0.000000 0.000000 0.000000 0.000000 0.000000 0.000000 0.000000 0.000000 0.000000 0.000000 0.000000 0.000000 0.000000 0.000000 0.000000 0.000000 
0.000000 0.000000 0.000000 0.000000 0.000000 0.000000 0.000000 0.000000 0.000000 0.000000 0.000000 0.000000 0.000000 0.000000 0.000000 0.000000 0.000000 0.000000 0.000000 0.000000 0.000000 0.000000 0.000000 0.000000 0.000000 0.000000 0.000000 0.000000 0.000000 0.000000 0.000000 0.000000 0.000000 0.000000 0.000000 0.000000 0.000000 0.000000 0.000000 0.000000 0.000000 0.000000 0.000000 0.000000 0.000000 0.000000 0.000000 0.000000 0.000000 0.000000 0.000000 0.000000 0.000000 0.000000 0.000000 0.000000 0.000000 0.000000 0.000000 0.000000 0.000000 0.000000 0.000000 0.000000 0.000000 0.000000 0.000000 0.000000 0.000000 0.000000 0.000000 0.000000 0.000000 0.000000 0.000000 0.000000 0.000000 0.000000 0.000000 0.000000 0.000000 0.000000 0.000000 0.000000 0.000000 0.000000 0.000000 0.000000 0.000000 0.000000 0.000000 0.000000 0.000000 0.000000 0.000000 0.000000 0.000000 0.000000 0.000000 0.000000 0.000000 
0.000000 0.000000 0.000000 0.000000 0.000000 0.000000 0.000000 0.000000 0.000000 0.000000 0.000000 0.000000 0.000000 0.000000 0.000000 0.000000 0.000000 0.000000 0.000000 0.000000 0.000000 0.000000 0.000000 0.000000 0.000000 0.000000 0.000000 0.000000 0.000000 0.000000 0.000000 0.000000 0.000000 0.000000 0.000000 0.000000 0.000000 0.000000 0.000000 0.000000 0.000000 0.000000 0.000000 0.000000 0.000000 0.000000 0.000000 0.000000 0.000000 0.000000 0.000000 0.000000 0.000000 0.000000 0.000000 0.000000 0.000000 0.000000 0.000000 0.000000 0.000000 0.000000 0.000000 0.000000 0.000000 0.000000 0.000000 0.000000 0.000000 0.000000 0.000000 0.000000 0.000000 0.000000 0.000000 0.000000 0.000000 0.000000 0.000000 0.000000 0.000000 0.000000 0.000000 0.000000 0.000000 0.000000 0.000000 0.000000 0.000000 0.000000 0.000000 0.000000 0.000000 0.000000 0.000000 0.000000 0.000000 0.000000 0.000000 0.000000 0.000000 
0.000000 0.000000 0.000000 0.000000 0.000000 0.000000 0.000000 0.000000 0.000000 0.000000 0.000000 0.000000 0.000000 0.000000 0.000000 0.000000 0.000000 0.000000 0.000000 0.000000 0.000000 0.000000 0.000000 0.000000 0.000000 0.000000 0.000000 0.000000 0.000000 0.000000 0.000000 0.000000 0.000000 0.000000 0.000000 0.000000 0.000000 0.000000 0.000000 0.000000 0.000000 0.000000 0.000000 0.000000 0.000000 0.000000 0.000000 0.000000 0.000000 0.000000 0.000000 0.000000 0.000000 0.000000 0.000000 0.000000 0.000000 0.000000 0.000000 0.000000 0.000000 0.000000 0.000000 0.000000 0.000000 0.000000 0.000000 0.000000 0.000000 0.000000 0.000000 0.000000 0.000000 0.000000 0.000000 0.000000 0.000000 0.000000 0.000000 0.000000 0.000000 0.000000 0.000000 0.000000 0.000000 0.000000 0.000000 0.000000 0.000000 0.000000 0.000000 0.000000 0.000000 0.000000 0.000000 0.000000 0.000000 0.000000 0.000000 0.000000 0.000000 
0.000000 0.000000 0.000000 0.000000 0.000000 0.000000 0.000000 0.000000 0.000000 0.000000 0.000000 0.000000 0.000000 0.000000 0.000000 0.000000 0.000000 0.000000 0.000000 0.000000 0.000000 0.000000 0.000000 0.000000 0.000000 0.000000 0.000000 0.000000 0.000000 0.000000 0.000000 0.000000 0.000000 0.000000 0.000000 0.000000 0.000000 0.000000 0.000000 0.000000 0.000000 0.000000 0.000000 0.000000 0.000000 0.000000 0.000000 0.000000 0.000000 0.000000 0.000000 0.000000 0.000000 0.000000 0.000000 0.000000 0.000000 0.000000 0.000000 0.000000 0.000000 0.000000 0.000000 0.000000 0.000000 0.000000 0.000000 0.000000 0.000000 0.000000 0.000000 0.000000 0.000000 0.000000 0.000000 0.000000 0.000000 0.000000 0.000000 0.000000 0.000000 0.000000 0.000000 0.000000 0.000000 0.000000 0.000000 0.000000 0.000000 0.000000 0.000000 0.000000 0.000000 0.000000 0.000000 0.000000 0.000000 0.000000 0.000000 0.000000 0.000000 
0.000000 0.000000 0.000000 0.000000 0.000000 0.000000 0.000000 0.000000 0.000000 0.000000 0.000000 0.000000 0.000000 0.000000 0.000000 0.000000 0.000000 0.000000 0.000000 0.000000 0.000000 0.000000 0.000000 0.000000 0.000000 0.000000 0.000000 0.000000 0.000000 0.000000 0.000000 0.000000 0.000000 0.000000 0.000000 0.000000 0.000000 0.000000 0.000000 0.000000 0.000000 0.000000 0.000000 0.000000 0.000000 0.000000 0.000000 0.000000 0.000000 0.000000 0.000000 0.000000 0.000000 0.000000 0.000000 0.000000 0.000000 0.000000 0.000000 0.000000 0.000000 0.000000 0.000000 0.000000 0.000000 0.000000 0.000000 0.000000 0.000000 0.000000 0.000000 0.000000 0.000000 0.000000 0.000000 0.000000 0.000000 0.000000 0.000000 0.000000 0.000000 0.000000 0.000000 0.000000 0.000000 0.000000 0.000000 0.000000 0.000000 0.000000 0.000000 0.000000 0.000000 0.000000 0.000000 0.000000 0.000000 0.000000 0.000000 0.000000 0.000000 
0.000000 0.000000 0.000000 0.000000 0.000000 0.000000 0.000000 0.000000 0.000000 0.000000 0.000000 0.000000 0.000000 0.000000 0.000000 0.000000 0.000000 0.000000 0.000000 0.000000 0.000000 0.000000 0.000000 0.000000 0.000000 0.000000 0.000000 0.000000 0.000000 0.000000 0.000000 0.000000 0.000000 0.000000 0.000000 0.000000 0.000000 0.000000 0.000000 0.000000 0.000000 0.000000 0.000000 0.000000 0.000000 0.000000 0.000000 0.000000 0.000000 0.000000 0.000000 0.000000 0.000000 0.000000 0.000000 0.000000 0.000000 0.000000 0.000000 0.000000 0.000000 0.000000 0.000000 0.000000 0.000000 0.000000 0.000000 0.000000 0.000000 0.000000 0.000000 0.000000 0.000000 0.000000 0.000000 0.000000 0.000000 0.000000 0.000000 0.000000 0.000000 0.000000 0.000000 0.000000 0.000000 0.000000 0.000000 0.000000 0.000000 0.000000 0.000000 0.000000 0.000000 0.000000 0.000000 0.000000 0.000000 0.000000 0.000000 0.000000 0.000000 
0.000000 0.000000 0.000000 0.000000 0.000000 0.000000 0.000000 0.000000 0.000000 0.000000 0.000000 0.000000 0.000000 0.000000 0.000000 0.000000 0.000000 0.000000 0.000000 0.000000 0.000000 0.000000 0.000000 0.000000 0.000000 0.000000 0.000000 0.000000 0.000000 0.000000 0.000000 0.000000 0.000000 0.000000 0.000000 0.000000 0.000000 0.000000 0.000000 0.000000 0.000000 0.000000 0.000000 0.000000 0.000000 0.000000 0.000000 0.000000 0.000000 0.000000 0.000000 0.000000 0.000000 0.000000 0.000000 0.000000 0.000000 0.000000 0.000000 0.000000 0.000000 0.000000 0.000000 0.000000 0.000000 0.000000 0.000000 0.000000 0.000000 0.000000 0.000000 0.000000 0.000000 0.000000 0.000000 0.000000 0.000000 0.000000 0.000000 0.000000 0.000000 0.000000 0.000000 0.000000 0.000000 0.000000 0.000000 0.000000 0.000000 0.000000 0.000000 0.000000 0.000000 0.000000 0.000000 0.000000 0.000000 0.000000 0.000000 0.000000 0.000000 
0.000000 0.000000 0.000000 0.000000 0.000000 0.000000 0.000000 0.000000 0.000000 0.000000 0.000000 0.000000 0.000000 0.000000 0.000000 0.000000 0.000000 0.000000 0.000000 0.000000 0.000000 0.000000 0.000000 0.000000 0.000000 0.000000 0.000000 0.000000 0.000000 0.000000 0.000000 0.000000 0.000000 0.000000 0.000000 0.000000 0.000000 0.000000 0.000000 0.000000 0.000000 0.000000 0.000000 0.000000 0.000000 0.000000 0.000000 0.000000 0.000000 0.000000 0.000000 0.000000 0.000000 0.000000 0.000000 0.000000 0.000000 0.000000 0.000000 0.000000 0.000000 0.000000 0.000000 0.000000 0.000000 0.000000 0.000000 0.000000 0.000000 0.000000 0.000000 0.000000 0.000000 0.000000 0.000000 0.000000 0.000000 0.000000 0.000000 0.000000 0.000000 0.000000 0.000000 0.000000 0.000000 0.000000 0.000000 0.000000 0.000000 0.000000 0.000000 0.000000 0.000000 0.000000 0.000000 0.000000 0.000000 0.000000 0.000000 0.000000 0.000000 
0.000000 0.000000 0.000000 0.000000 0.000000 0.000000 0.000000 0.000000 0.000000 0.000000 0.000000 0.000000 0.000000 0.000000 0.000000 0.000000 0.000000 0.000000 0.000000 0.000000 0.000000 0.000000 0.000000 0.000000 0.000000 0.000000 0.000000 0.000000 0.000000 0.000000 0.000000 0.000000 0.000000 0.000000 0.000000 0.000000 0.000000 0.000000 0.000000 0.000000 0.000000 0.000000 0.000000 0.000000 0.000000 0.000000 0.000000 0.000000 0.000000 0.000000 0.000000 0.000000 0.000000 0.000000 0.000000 0.000000 0.000000 0.000000 0.000000 0.000000 0.000000 0.000000 0.000000 0.000000 0.000000 0.000000 0.000000 0.000000 0.000000 0.000000 0.000000 0.000000 0.000000 0.000000 0.000000 0.000000 0.000000 0.000000 0.000000 0.000000 0.000000 0.000000 0.000000 0.000000 0.000000 0.000000 0.000000 0.000000 0.000000 0.000000 0.000000 0.000000 0.000000 0.000000 0.000000 0.000000 0.000000 0.000000 0.000000 0.000000 0.000000 
0.000000 0.000000 0.000000 0.000000 0.000000 0.000000 0.000000 0.000000 0.000000 0.000000 0.000000 0.000000 0.000000 0.000000 0.000000 0.000000 0.000000 0.000000 0.000000 0.000000 0.000000 0.000000 0.000000 0.000000 0.000000 0.000000 0.000000 0.000000 0.000000 0.000000 0.000000 0.000000 0.000000 0.000000 0.000000 0.000000 0.000000 0.000000 0.000000 0.000000 0.000000 0.000000 0.000000 0.000000 0.000000 0.000000 0.000000 0.000000 0.000000 0.000000 0.000000 0.000000 0.000000 0.000000 0.000000 0.000000 0.000000 0.000000 0.000000 0.000000 0.000000 0.000000 0.000000 0.000000 0.000000 0.000000 0.000000 0.000000 0.000000 0.000000 0.000000 0.000000 0.000000 0.000000 0.000000 0.000000 0.000000 0.000000 0.000000 0.000000 0.000000 0.000000 0.000000 0.000000 0.000000 0.000000 0.000000 0.000000 0.000000 0.000000 0.000000 0.000000 0.000000 0.000000 0.000000 0.000000 0.000000 0.000000 0.000000 0.000000 0.000000 
0.000000 0.000000 0.000000 0.000000 0.000000 0.000000 0.000000 0.000000 0.000000 0.000000 0.000000 0.000000 0.000000 0.000000 0.000000 0.000000 0.000000 0.000000 0.000000 0.000000 0.000000 0.000000 0.000000 0.000000 0.000000 0.000000 0.000000 0.000000 0.000000 0.000000 0.000000 0.000000 0.000000 0.000000 0.000000 0.000000 0.000000 0.000000 0.000000 0.000000 0.000000 0.000000 0.000000 0.000000 0.000000 0.000000 0.000000 0.000000 0.000000 0.000000 0.000000 0.000000 0.000000 0.000000 0.000000 0.000000 0.000000 0.000000 0.000000 0.000000 0.000000 0.000000 0.000000 0.000000 0.000000 0.000000 0.000000 0.000000 0.000000 0.000000 0.000000 0.000000 0.000000 0.000000 0.000000 0.000000 0.000000 0.000000 0.000000 0.000000 0.000000 0.000000 0.000000 0.000000 0.000000 0.000000 0.000000 0.000000 0.000000 0.000000 0.000000 0.000000 0.000000 0.000000 0.000000 0.000000 0.000000 0.000000 0.000000 0.000000 0.000000 
0.000000 0.000000 0.000000 0.000000 0.000000 0.000000 0.000000 0.000000 0.000000 0.000000 0.000000 0.000000 0.000000 0.000000 0.000000 0.000000 0.000000 0.000000 0.000000 0.000000 0.000000 0.000000 0.000000 0.000000 0.000000 0.000000 0.000000 0.000000 0.000000 0.000000 0.000000 0.000000 0.000000 0.000000 0.000000 0.000000 0.000000 0.000000 0.000000 0.000000 0.000000 0.000000 0.000000 0.000000 0.000000 0.000000 0.000000 0.000000 0.000000 0.000000 0.000000 0.000000 0.000000 0.000000 0.000000 0.000000 0.000000 0.000000 0.000000 0.000000 0.000000 0.000000 0.000000 0.000000 0.000000 0.000000 0.000000 0.000000 0.000000 0.000000 0.000000 0.000000 0.000000 0.000000 0.000000 0.000000 0.000000 0.000000 0.000000 0.000000 0.000000 0.000000 0.000000 0.000000 0.000000 0.000000 0.000000 0.000000 0.000000 0.000000 0.000000 0.000000 0.000000 0.000000 0.000000 0.000000 0.000000 0.000000 0.000000 0.000000 0.000000 
0.000000 0.000000 0.000000 0.000000 0.000000 0.000000 0.000000 0.000000 0.000000 0.000000 0.000000 0.000000 0.000000 0.000000 0.000000 0.000000 0.000000 0.000000 0.000000 0.000000 0.000000 0.000000 0.000000 0.000000 0.000000 0.000000 0.000000 0.000000 0.000000 0.000000 0.000000 0.000000 0.000000 0.000000 0.000000 0.000000 0.000000 0.000000 0.000000 0.000000 0.000000 0.000000 0.000000 0.000000 0.000000 0.000000 0.000000 0.000000 0.000000 0.000000 0.000000 0.000000 0.000000 0.000000 0.000000 0.000000 0.000000 0.000000 0.000000 0.000000 0.000000 0.000000 0.000000 0.000000 0.000000 0.000000 0.000000 0.000000 0.000000 0.000000 0.000000 0.000000 0.000000 0.000000 0.000000 0.000000 0.000000 0.000000 0.000000 0.000000 0.000000 0.000000 0.000000 0.000000 0.000000 0.000000 0.000000 0.000000 0.000000 0.000000 0.000000 0.000000 0.000000 0.000000 0.000000 0.000000 0.000000 0.000000 0.000000 0.000000 0.000000 
0.000000 0.000000 0.000000 0.000000 0.000000 0.000000 0.000000 0.000000 0.000000 0.000000 0.000000 0.000000 0.000000 0.000000 0.000000 0.000000 0.000000 0.000000 0.000000 0.000000 0.000000 0.000000 0.000000 0.000000 0.000000 0.000000 0.000000 0.000000 0.000000 0.000000 0.000000 0.000000 0.000000 0.000000 0.000000 0.000000 0.000000 0.000000 0.000000 0.000000 0.000000 0.000000 0.000000 0.000000 0.000000 0.000000 0.000000 0.000000 0.000000 0.000000 0.000000 0.000000 0.000000 0.000000 0.000000 0.000000 0.000000 0.000000 0.000000 0.000000 0.000000 0.000000 0.000000 0.000000 0.000000 0.000000 0.000000 0.000000 0.000000 0.000000 0.000000 0.000000 0.000000 0.000000 0.000000 0.000000 0.000000 0.000000 0.000000 0.000000 0.000000 0.000000 0.000000 0.000000 0.000000 0.000000 0.000000 0.000000 0.000000 0.000000 0.000000 0.000000 0.000000 0.000000 0.000000 0.000000 0.000000 0.000000 0.000000 0.000000 0.000000 
0.000000 0.000000 0.000000 0.000000 0.000000 0.000000 0.000000 0.000000 0.000000 0.000000 0.000000 0.000000 0.000000 0.000000 0.000000 0.000000 0.000000 0.000000 0.000000 0.000000 0.000000 0.000000 0.000000 0.000000 0.000000 0.000000 0.000000 0.000000 0.000000 0.000000 0.000000 0.000000 0.000000 0.000000 0.000000 0.000000 0.000000 0.000000 0.000000 0.000000 0.000000 0.000000 0.000000 0.000000 0.000000 0.000000 0.000000 0.000000 0.000000 0.000000 0.000000 0.000000 0.000000 0.000000 0.000000 0.000000 0.000000 0.000000 0.000000 0.000000 0.000000 0.000000 0.000000 0.000000 0.000000 0.000000 0.000000 0.000000 0.000000 0.000000 0.000000 0.000000 0.000000 0.000000 0.000000 0.000000 0.000000 0.000000 0.000000 0.000000 0.000000 0.000000 0.000000 0.000000 0.000000 0.000000 0.000000 0.000000 0.000000 0.000000 0.000000 0.000000 0.000000 0.000000 0.000000 0.000000 0.000000 0.000000 0.000000 0.000000 0.000000 
0.000000 0.000000 0.000000 0.000000 0.000000 0.000000 0.000000 0.000000 0.000000 0.000000 0.000000 0.000000 0.000000 0.000000 0.000000 0.000000 0.000000 0.000000 0.000000 0.000000 0.000000 0.000000 0.000000 0.000000 0.000000 0.000000 0.000000 0.000000 0.000000 0.000000 0.000000 0.000000 0.000000 0.000000 0.000000 0.000000 0.000000 0.000000 0.000000 0.000000 0.000000 0.000000 0.000000 0.000000 0.000000 0.000000 0.000000 0.000000 0.000000 0.000000 0.000000 0.000000 0.000000 0.000000 0.000000 0.000000 0.000000 0.000000 0.000000 0.000000 0.000000 0.000000 0.000000 0.000000 0.000000 0.000000 0.000000 0.000000 0.000000 0.000000 0.000000 0.000000 0.000000 0.000000 0.000000 0.000000 0.000000 0.000000 0.000000 0.000000 0.000000 0.000000 0.000000 0.000000 0.000000 0.000000 0.000000 0.000000 0.000000 0.000000 0.000000 0.000000 0.000000 0.000000 0.000000 0.000000 0.000000 0.000000 0.000000 0.000000 0.000000 
0.000000 0.000000 0.000000 0.000000 0.000000 0.000000 0.000000 0.000000 0.000000 0.000000 0.000000 0.000000 0.000000 0.000000 0.000000 0.000000 0.000000 0.000000 0.000000 0.000000 0.000000 0.000000 0.000000 0.000000 0.000000 0.000000 0.000000 0.000000 0.000000 0.000000 0.000000 0.000000 0.000000 0.000000 0.000000 0.000000 0.000000 0.000000 0.000000 0.000000 0.000000 0.000000 0.000000 0.000000 0.000000 0.000000 0.000000 0.000000 0.000000 0.000000 0.000000 0.000000 0.000000 0.000000 0.000000 0.000000 0.000000 0.000000 0.000000 0.000000 0.000000 0.000000 0.000000 0.000000 0.000000 0.000000 0.000000 0.000000 0.000000 0.000000 0.000000 0.000000 0.000000 0.000000 0.000000 0.000000 0.000000 0.000000 0.000000 0.000000 0.000000 0.000000 0.000000 0.000000 0.000000 0.000000 0.000000 0.000000 0.000000 0.000000 0.000000 0.000000 0.000000 0.000000 0.000000 0.000000 0.000000 0.000000 0.000000 0.000000 0.000000 
0.000000 0.000000 0.000000 0.000000 0.000000 0.000000 0.000000 0.000000 0.000000 0.000000 0.000000 0.000000 0.000000 0.000000 0.000000 0.000000 0.000000 0.000000 0.000000 0.000000 0.000000 0.000000 0.000000 0.000000 0.000000 0.000000 0.000000 0.000000 0.000000 0.000000 0.000000 0.000000 0.000000 0.000000 0.000000 0.000000 0.000000 0.000000 0.000000 0.000000 0.000000 0.000000 0.000000 0.000000 0.000000 0.000000 0.000000 0.000000 0.000000 0.000000 0.000000 0.000000 0.000000 0.000000 0.000000 0.000000 0.000000 0.000000 0.000000 0.000000 0.000000 0.000000 0.000000 0.000000 0.000000 0.000000 0.000000 0.000000 0.000000 0.000000 0.000000 0.000000 0.000000 0.000000 0.000000 0.000000 0.000000 0.000000 0.000000 0.000000 0.000000 0.000000 0.000000 0.000000 0.000000 0.000000 0.000000 0.000000 0.000000 0.000000 0.000000 0.000000 0.000000 0.000000 0.000000 0.000000 0.000000 0.000000 0.000000 0.000000 0.000000 
0.000000 0.000000 0.000000 0.000000 0.000000 0.000000 0.000000 0.000000 0.000000 0.000000 0.000000 0.000000 0.000000 0.000000 0.000000 0.000000 0.000000 0.000000 0.000000 0.000000 0.000000 0.000000 0.000000 0.000000 0.000000 0.000000 0.000000 0.000000 0.000000 0.000000 0.000000 0.000000 0.000000 0.000000 0.000000 0.000000 0.000000 0.000000 0.000000 0.000000 0.000000 0.000000 0.000000 0.000000 0.000000 0.000000 0.000000 0.000000 0.000000 0.000000 0.000000 0.000000 0.000000 0.000000 0.000000 0.000000 0.000000 0.000000 0.000000 0.000000 0.000000 0.000000 0.000000 0.000000 0.000000 0.000000 0.000000 0.000000 0.000000 0.000000 0.000000 0.000000 0.000000 0.000000 0.000000 0.000000 0.000000 0.000000 0.000000 0.000000 0.000000 0.000000 0.000000 0.000000 0.000000 0.000000 0.000000 0.000000 0.000000 0.000000 0.000000 0.000000 0.000000 0.000000 0.000000 0.000000 0.000000 0.000000 0.000000 0.000000 0.000000 
0.000000 0.000000 0.000000 0.000000 0.000000 0.000000 0.000000 0.000000 0.000000 0.000000 0.000000 0.000000 0.000000 0.000000 0.000000 0.000000 0.000000 0.000000 0.000000 0.000000 0.000000 0.000000 0.000000 0.000000 0.000000 0.000000 0.000000 0.000000 0.000000 0.000000 0.000000 0.000000 0.000000 0.000000 0.000000 0.000000 0.000000 0.000000 0.000000 0.000000 0.000000 0.000000 0.000000 0.000000 0.000000 0.000000 0.000000 0.000000 0.000000 0.000000 0.000000 0.000000 0.000000 0.000000 0.000000 0.000000 0.000000 0.000000 0.000000 0.000000 0.000000 0.000000 0.000000 0.000000 0.000000 0.000000 0.000000 0.000000 0.000000 0.000000 0.000000 0.000000 0.000000 0.000000 0.000000 0.000000 0.000000 0.000000 0.000000 0.000000 0.000000 0.000000 0.000000 0.000000 0.000000 0.000000 0.000000 0.000000 0.000000 0.000000 0.000000 0.000000 0.000000 0.000000 0.000000 0.000000 0.000000 0.000000 0.000000 0.000000 0.000000 
0.000000 0.000000 0.000000 0.000000 0.000000 0.000000 0.000000 0.000000 0.000000 0.000000 0.000000 0.000000 0.000000 0.000000 0.000000 0.000000 0.000000 0.000000 0.000000 0.000000 0.000000 0.000000 0.000000 0.000000 0.000000 0.000000 0.000000 0.000000 0.000000 0.000000 0.000000 0.000000 0.000000 0.000000 0.000000 0.000000 0.000000 0.000000 0.000000 0.000000 0.000000 0.000000 0.000000 0.000000 0.000000 0.000000 0.000000 0.000000 0.000000 0.000000 0.000000 0.000000 0.000000 0.000000 0.000000 0.000000 0.000000 0.000000 0.000000 0.000000 0.000000 0.000000 0.000000 0.000000 0.000000 0.000000 0.000000 0.000000 0.000000 0.000000 0.000000 0.000000 0.000000 0.000000 0.000000 0.000000 0.000000 0.000000 0.000000 0.000000 0.000000 0.000000 0.000000 0.000000 0.000000 0.000000 0.000000 0.000000 0.000000 0.000000 0.000000 0.000000 0.000000 0.000000 0.000000 0.000000 0.000000 0.000000 0.000000 0.000000 0.000000 
0.000000 0.000000 0.000000 0.000000 0.000000 0.000000 0.000000 0.000000 0.000000 0.000000 0.000000 0.000000 0.000000 0.000000 0.000000 0.000000 0.000000 0.000000 0.000000 0.000000 0.000000 0.000000 0.000000 0.000000 0.000000 0.000000 0.000000 0.000000 0.000000 0.000000 0.000000 0.000000 0.000000 0.000000 0.000000 0.000000 0.000000 0.000000 0.000000 0.000000 0.000000 0.000000 0.000000 0.000000 0.000000 0.000000 0.000000 0.000000 0.000000 0.000000 0.000000 0.000000 0.000000 0.000000 0.000000 0.000000 0.000000 0.000000 0.000000 0.000000 0.000000 0.000000 0.000000 0.000000 0.000000 0.000000 0.000000 0.000000 0.000000 0.000000 0.000000 0.000000 0.000000 0.000000 0.000000 0.000000 0.000000 0.000000 0.000000 0.000000 0.000000 0.000000 0.000000 0.000000 0.000000 0.000000 0.000000 0.000000 0.000000 0.000000 0.000000 0.000000 0.000000 0.000000 0.000000 0.000000 0.000000 0.000000 0.000000 0.000000 0.000000 
0.000000 0.000000 0.000000 0.000000 0.000000 0.000000 0.000000 0.000000 0.000000 0.000000 0.000000 0.000000 0.000000 0.000000 0.000000 0.000000 0.000000 0.000000 0.000000 0.000000 0.000000 0.000000 0.000000 0.000000 0.000000 0.000000 0.000000 0.000000 0.000000 0.000000 0.000000 0.000000 0.000000 0.000000 0.000000 0.000000 0.000000 0.000000 0.000000 0.000000 0.000000 0.000000 0.000000 0.000000 0.000000 0.000000 0.000000 0.000000 0.000000 0.000000 0.000000 0.000000 0.000000 0.000000 0.000000 0.000000 0.000000 0.000000 0.000000 0.000000 0.000000 0.000000 0.000000 0.000000 0.000000 0.000000 0.000000 0.000000 0.000000 0.000000 0.000000 0.000000 0.000000 0.000000 0.000000 0.000000 0.000000 0.000000 0.000000 0.000000 0.000000 0.000000 0.000000 0.000000 0.000000 0.000000 0.000000 0.000000 0.000000 0.000000 0.000000 0.000000 0.000000 0.000000 0.000000 0.000000 0.000000 0.000000 0.000000 0.000000 0.000000 
0.000000 0.000000 0.000000 0.000000 0.000000 0.000000 0.000000 0.000000 0.000000 0.000000 0.000000 0.000000 0.000000 0.000000 0.000000 0.000000 0.000000 0.000000 0.000000 0.000000 0.000000 0.000000 0.000000 0.000000 0.000000 0.000000 0.000000 0.000000 0.000000 0.000000 0.000000 0.000000 0.000000 0.000000 0.000000 0.000000 0.000000 0.000000 0.000000 0.000000 0.000000 0.000000 0.000000 0.000000 0.000000 0.000000 0.000000 0.000000 0.000000 0.000000 0.000000 0.000000 0.000000 0.000000 0.000000 0.000000 0.000000 0.000000 0.000000 0.000000 0.000000 0.000000 0.000000 0.000000 0.000000 0.000000 0.000000 0.000000 0.000000 0.000000 0.000000 0.000000 0.000000 0.000000 0.000000 0.000000 0.000000 0.000000 0.000000 0.000000 0.000000 0.000000 0.000000 0.000000 0.000000 0.000000 0.000000 0.000000 0.000000 0.000000 0.000000 0.000000 0.000000 0.000000 0.000000 0.000000 0.000000 0.000000 0.000000 0.000000 0.000000 
0.000000 0.000000 0.000000 0.000000 0.000000 0.000000 0.000000 0.000000 0.000000 0.000000 0.000000 0.000000 0.000000 0.000000 0.000000 0.000000 0.000000 0.000000 0.000000 0.000000 0.000000 0.000000 0.000000 0.000000 0.000000 0.000000 0.000000 0.000000 0.000000 0.000000 0.000000 0.000000 0.000000 0.000000 0.000000 0.000000 0.000000 0.000000 0.000000 0.000000 0.000000 0.000000 0.000000 0.000000 0.000000 0.000000 0.000000 0.000000 0.000000 0.000000 0.000000 0.000000 0.000000 0.000000 0.000000 0.000000 0.000000 0.000000 0.000000 0.000000 0.000000 0.000000 0.000000 0.000000 0.000000 0.000000 0.000000 0.000000 0.000000 0.000000 0.000000 0.000000 0.000000 0.000000 0.000000 0.000000 0.000000 0.000000 0.000000 0.000000 0.000000 0.000000 0.000000 0.000000 0.000000 0.000000 0.000000 0.000000 0.000000 0.000000 0.000000 0.000000 0.000000 0.000000 0.000000 0.000000 0.000000 0.000000 0.000000 0.000000 0.000000 
0.000000 0.000000 0.000000 0.000000 0.000000 0.000000 0.000000 0.000000 0.000000 0.000000 0.000000 0.000000 0.000000 0.000000 0.000000 0.000000 0.000000 0.000000 0.000000 0.000000 0.000000 0.000000 0.000000 0.000000 0.000000 0.000000 0.000000 0.000000 0.000000 0.000000 0.000000 0.000000 0.000000 0.000000 0.000000 0.000000 0.000000 0.000000 0.000000 0.000000 0.000000 0.000000 0.000000 0.000000 0.000000 0.000000 0.000000 0.000000 0.000000 0.000000 0.000000 0.000000 0.000000 0.000000 0.000000 0.000000 0.000000 0.000000 0.000000 0.000000 0.000000 0.000000 0.000000 0.000000 0.000000 0.000000 0.000000 0.000000 0.000000 0.000000 0.000000 0.000000 0.000000 0.000000 0.000000 0.000000 0.000000 0.000000 0.000000 0.000000 0.000000 0.000000 0.000000 0.000000 0.000000 0.000000 0.000000 0.000000 0.000000 0.000000 0.000000 0.000000 0.000000 0.000000 0.000000 0.000000 0.000000 0.000000 0.000000 0.000000 0.000000 
0.000000 0.000000 0.000000 0.000000 0.000000 0.000000 0.000000 0.000000 0.000000 0.000000 0.000000 0.000000 0.000000 0.000000 0.000000 0.000000 0.000000 0.000000 0.000000 0.000000 0.000000 0.000000 0.000000 0.000000 0.000000 0.000000 0.000000 0.000000 0.000000 0.000000 0.000000 0.000000 0.000000 0.000000 0.000000 0.000000 0.000000 0.000000 0.000000 0.000000 0.000000 0.000000 0.000000 0.000000 0.000000 0.000000 0.000000 0.000000 0.000000 0.000000 0.000000 0.000000 0.000000 0.000000 0.000000 0.000000 0.000000 0.000000 0.000000 0.000000 0.000000 0.000000 0.000000 0.000000 0.000000 0.000000 0.000000 0.000000 0.000000 0.000000 0.000000 0.000000 0.000000 0.000000 0.000000 0.000000 0.000000 0.000000 0.000000 0.000000 0.000000 0.000000 0.000000 0.000000 0.000000 0.000000 0.000000 0.000000 0.000000 0.000000 0.000000 0.000000 0.000000 0.000000 0.000000 0.000000 0.000000 0.000000 0.000000 0.000000 0.000000 
0.000000 0.000000 0.000000 0.000000 0.000000 0.000000 0.000000 0.000000 0.000000 0.000000 0.000000 0.000000 0.000000 0.000000 0.000000 0.000000 0.000000 0.000000 0.000000 0.000000 0.000000 0.000000 0.000000 0.000000 0.000000 0.000000 0.000000 0.000000 0.000000 0.000000 0.000000 0.000000 0.000000 0.000000 0.000000 0.000000 0.000000 0.000000 0.000000 0.000000 0.000000 0.000000 0.000000 0.000000 0.000000 0.000000 0.000000 0.000000 0.000000 0.000000 0.000000 0.000000 0.000000 0.000000 0.000000 0.000000 0.000000 0.000000 0.000000 0.000000 0.000000 0.000000 0.000000 0.000000 0.000000 0.000000 0.000000 0.000000 0.000000 0.000000 0.000000 0.000000 0.000000 0.000000 0.000000 0.000000 0.000000 0.000000 0.000000 0.000000 0.000000 0.000000 0.000000 0.000000 0.000000 0.000000 0.000000 0.000000 0.000000 0.000000 0.000000 0.000000 0.000000 0.000000 0.000000 0.000000 0.000000 0.000000 0.000000 0.000000 0.000000 
0.000000 0.000000 0.000000 0.000000 0.000000 0.000000 0.000000 0.000000 0.000000 0.000000 0.000000 0.000000 0.000000 0.000000 0.000000 0.000000 0.000000 0.000000 0.000000 0.000000 0.000000 0.000000 0.000000 0.000000 0.000000 0.000000 0.000000 0.000000 0.000000 0.000000 0.000000 0.000000 0.000000 0.000000 0.000000 0.000000 0.000000 0.000000 0.000000 0.000000 0.000000 0.000000 0.000000 0.000000 0.000000 0.000000 0.000000 0.000000 0.000000 0.000000 0.000000 0.000000 0.000000 0.000000 0.000000 0.000000 0.000000 0.000000 0.000000 0.000000 0.000000 0.000000 0.000000 0.000000 0.000000 0.000000 0.000000 0.000000 0.000000 0.000000 0.000000 0.000000 0.000000 0.000000 0.000000 0.000000 0.000000 0.000000 0.000000 0.000000 0.000000 0.000000 0.000000 0.000000 0.000000 0.000000 0.000000 0.000000 0.000000 0.000000 0.000000 0.000000 0.000000 0.000000 0.000000 0.000000 0.000000 0.000000 0.000000 0.000000 0.000000 
0.000000 0.000000 0.000000 0.000000 0.000000 0.000000 0.000000 0.000000 0.000000 0.000000 0.000000 0.000000 0.000000 0.000000 0.000000 0.000000 0.000000 0.000000 0.000000 0.000000 0.000000 0.000000 0.000000 0.000000 0.000000 0.000000 0.000000 0.000000 0.000000 0.000000 0.000000 0.000000 0.000000 0.000000 0.000000 0.000000 0.000000 0.000000 0.000000 0.000000 0.000000 0.000000 0.000000 0.000000 0.000000 0.000000 0.000000 0.000000 0.000000 0.000000 0.000000 0.000000 0.000000 0.000000 0.000000 0.000000 0.000000 0.000000 0.000000 0.000000 0.000000 0.000000 0.000000 0.000000 0.000000 0.000000 0.000000 0.000000 0.000000 0.000000 0.000000 0.000000 0.000000 0.000000 0.000000 0.000000 0.000000 0.000000 0.000000 0.000000 0.000000 0.000000 0.000000 0.000000 0.000000 0.000000 0.000000 0.000000 0.000000 0.000000 0.000000 0.000000 0.000000 0.000000 0.000000 0.000000 0.000000 0.000000 0.000000 0.000000 0.000000 
0.000000 0.000000 0.000000 0.000000 0.000000 0.000000 0.000000 0.000000 0.000000 0.000000 0.000000 0.000000 0.000000 0.000000 0.000000 0.000000 0.000000 0.000000 0.000000 0.000000 0.000000 0.000000 0.000000 0.000000 0.000000 0.000000 0.000000 0.000000 0.000000 0.000000 0.000000 0.000000 0.000000 0.000000 0.000000 0.000000 0.000000 0.000000 0.000000 0.000000 0.000000 0.000000 0.000000 0.000000 0.000000 0.000000 0.000000 0.000000 0.000000 0.000000 0.000000 0.000000 0.000000 0.000000 0.000000 0.000000 0.000000 0.000000 0.000000 0.000000 0.000000 0.000000 0.000000 0.000000 0.000000 0.000000 0.000000 0.000000 0.000000 0.000000 0.000000 0.000000 0.000000 0.000000 0.000000 0.000000 0.000000 0.000000 0.000000 0.000000 0.000000 0.000000 0.000000 0.000000 0.000000 0.000000 0.000000 0.000000 0.000000 0.000000 0.000000 0.000000 0.000000 0.000000 0.000000 0.000000 0.000000 0.000000 0.000000 0.000000 0.000000 
0.000000 0.000000 0.000000 0.000000 0.000000 0.000000 0.000000 0.000000 0.000000 0.000000 0.000000 0.000000 0.000000 0.000000 0.000000 0.000000 0.000000 0.000000 0.000000 0.000000 0.000000 0.000000 0.000000 0.000000 0.000000 0.000000 0.000000 0.000000 0.000000 0.000000 0.000000 0.000000 0.000000 0.000000 0.000000 0.000000 0.000000 0.000000 0.000000 0.000000 0.000000 0.000000 0.000000 0.000000 0.000000 0.000000 0.000000 0.000000 0.000000 0.000000 0.000000 0.000000 0.000000 0.000000 0.000000 0.000000 0.000000 0.000000 0.000000 0.000000 0.000000 0.000000 0.000000 0.000000 0.000000 0.000000 0.000000 0.000000 0.000000 0.000000 0.000000 0.000000 0.000000 0.000000 0.000000 0.000000 0.000000 0.000000 0.000000 0.000000 0.000000 0.000000 0.000000 0.000000 0.000000 0.000000 0.000000 0.000000 0.000000 0.000000 0.000000 0.000000 0.000000 0.000000 0.000000 0.000000 0.000000 0.000000 0.000000 0.000000 0.000000 
0.000000 0.000000 0.000000 0.000000 0.000000 0.000000 0.000000 0.000000 0.000000 0.000000 0.000000 0.000000 0.000000 0.000000 0.000000 0.000000 0.000000 0.000000 0.000000 0.000000 0.000000 0.000000 0.000000 0.000000 0.000000 0.000000 0.000000 0.000000 0.000000 0.000000 0.000000 0.000000 0.000000 0.000000 0.000000 0.000000 0.000000 0.000000 0.000000 0.000000 0.000000 0.000000 0.000000 0.000000 0.000000 0.000000 0.000000 0.000000 0.000000 0.000000 0.000000 0.000000 0.000000 0.000000 0.000000 0.000000 0.000000 0.000000 0.000000 0.000000 0.000000 0.000000 0.000000 0.000000 0.000000 0.000000 0.000000 0.000000 0.000000 0.000000 0.000000 0.000000 0.000000 0.000000 0.000000 0.000000 0.000000 0.000000 0.000000 0.000000 0.000000 0.000000 0.000000 0.000000 0.000000 0.000000 0.000000 0.000000 0.000000 0.000000 0.000000 0.000000 0.000000 0.000000 0.000000 0.000000 0.000000 0.000000 0.000000 0.000000 0.000000 