t=       10.000000
T=10
deltaT=0.00001
XMin=-1.0
XMax=1.0
Lx=101
Sigma=1
deltaOut=0.1
0.000000 0.000000 0.000000 0.000000 0.000000 0.000000 0.000000 0.000000 0.000000 0.000000 0.000000 0.000000 0.000000 0.000000 0.000000 0.000000 0.000000 0.000000 0.000000 0.000000 0.000000 0.000000 0.000000 0.000000 0.000000 0.000000 0.046641 0.108652 0.170244 0.231177 0.291215 0.350127 0.407684 0.463664 0.517850 0.570032 0.620010 0.667588 0.712584 0.754823 0.794142 0.830388 0.863422 0.893115 0.919353 0.942034 0.961071 0.976389 0.987930 0.995649 0.999516 0.999516 0.995649 0.987930 0.976389 0.961071 0.942034 0.919353 0.893115 0.863422 0.830388 0.794142 0.754823 0.712584 0.667588 0.620010 0.570032 0.517850 0.463664 0.407684 0.350127 0.291215 0.231177 0.170244 0.108652 0.046641 0.000000 0.000000 0.000000 0.000000 0.000000 0.000000 0.000000 0.000000 0.000000 0.000000 0.000000 0.000000 0.000000 0.000000 0.000000 0.000000 0.000000 0.000000 0.000000 0.000000 0.000000 0.000000 0.000000 0.000000 0.000000
0.000000 0.000000 0.000000 0.000000 0.000000 0.000000 0.000000 0.000000 0.000000 0.000000 0.000000 0.000000 0.000000 0.000000 0.000000 0.000000 0.000000 0.000000 0.000000 0.000000 0.000000 0.000000 0.000000 0.000000 0.000015 0.001165 0.047038 0.108646 0.170227 0.231154 0.291186 0.350092 0.407644 0.463618 0.517799 0.569976 0.619949 0.667522 0.712514 0.754749 0.794064 0.830306 0.863337 0.893027 0.919262 0.941941 0.960976 0.976293 0.987833 0.995551 0.999417 0.999417 0.995551 0.987833 0.976293 0.960976 0.941941 0.919262 0.893027 0.863337 0.830306 0.794064 0.754749 0.712514 0.667522 0.619949 0.569976 0.517799 0.463618 0.407644 0.350092 0.291186 0.231154 0.170227 0.108646 0.047038 0.001165 0.000015 0.000000 0.000000 0.000000 0.000000 0.000000 0.000000 0.000000 0.000000 0.000000 0.000000 0.000000 0.000000 0.000000 0.000000 0.000000 0.000000 0.000000 0.000000 0.000000 0.000000 0.000000 0.000000 0.000000 
0.000000 0.010966 0.021949 0.032966 0.044032 0.055164 0.066376 0.077681 0.089091 0.100616 0.112266 0.124045 0.135960 0.148012 0.160200 0.172522 0.184972 0.197543 0.210223 0.223000 0.235856 0.248774 0.261732 0.274706 0.287671 0.300596 0.313453 0.326209 0.338829 0.351278 0.363518 0.375513 0.387223 0.398610 0.409633 0.420255 0.430435 0.440135 0.449319 0.457951 0.465996 0.473421 0.480196 0.486293 0.491686 0.496351 0.500269 0.503423 0.505799 0.507386 0.508177 0.508169 0.507362 0.505758 0.503365 0.500192 0.496254 0.491567 0.486151 0.480028 0.473224 0.465767 0.457686 0.449014 0.439785 0.430035 0.419800 0.409117 0.398025 0.386562 0.374767 0.362679 0.350335 0.337772 0.325027 0.312134 0.299127 0.286036 0.272893 0.259723 0.246553 0.233406 0.220301 0.207257 0.194289 0.181409 0.168629 0.155954 0.143390 0.130939 0.118601 0.106374 0.094253 0.082231 0.070302 0.058453 0.046675 0.034955 0.023278 0.011632 0.000000 
0.000000 0.010999 0.021991 0.032967 0.043921 0.054844 0.065728 0.076567 0.087351 0.098073 0.108724 0.119297 0.129782 0.140170 0.150454 0.160624 0.170670 0.180584 0.190355 0.199975 0.209432 0.218719 0.227823 0.236735 0.245446 0.253944 0.262219 0.270261 0.278060 0.285605 0.292887 0.299895 0.306620 0.313052 0.319181 0.324999 0.330496 0.335664 0.340495 0.344982 0.349117 0.352892 0.356303 0.359343 0.362007 0.364290 0.366188 0.367698 0.368816 0.369542 0.369873 0.369808 0.369347 0.368491 0.367241 0.365598 0.363565 0.361145 0.358342 0.355160 0.351604 0.347679 0.343391 0.338747 0.333754 0.328419 0.322750 0.316755 0.310443 0.303822 0.296903 0.289695 0.282206 0.274448 0.266429 0.258161 0.249654 0.240918 0.231963 0.222800 0.213439 0.203890 0.194165 0.184272 0.174223 0.164028 0.153695 0.143236 0.132660 0.121977 0.111195 0.100325 0.089376 0.078356 0.067275 0.056142 0.044965 0.033754 0.022517 0.011263 0.000000 
0.000000 0.008852 0.017696 0.026523 0.035325 0.044094 0.052822 0.061500 0.070121 0.078675 0.087156 0.095554 0.103863 0.112073 0.120177 0.128168 0.136037 0.143776 0.151380 0.158839 0.166146 0.173295 0.180278 0.187087 0.193718 0.200161 0.206412 0.212463 0.218309 0.223943 0.229360 0.234553 0.239518 0.244248 0.248740 0.252988 0.256988 0.260735 0.264225 0.267455 0.270421 0.273119 0.275547 0.277702 0.279581 0.281182 0.282504 0.283545 0.284303 0.284777 0.284968 0.284874 0.284496 0.283833 0.282887 0.281659 0.280149 0.278358 0.276290 0.273945 0.271327 0.268438 0.265281 0.261859 0.258176 0.254236 0.250042 0.245599 0.240913 0.235986 0.230826 0.225436 0.219824 0.213993 0.207951 0.201703 0.195256 0.188617 0.181792 0.174788 0.167612 0.160272 0.152774 0.145127 0.137338 0.129415 0.121365 0.113196 0.104918 0.096537 0.088062 0.079501 0.070863 0.062157 0.053390 0.044571 0.035709 0.026812 0.017889 0.008949 0.000000 
0.000000 0.006928 0.013849 0.020757 0.027645 0.034505 0.041332 0.048119 0.054859 0.061545 0.068171 0.074731 0.081218 0.087625 0.093947 0.100177 0.106310 0.112338 0.118257 0.124060 0.129741 0.135296 0.140718 0.146003 0.151144 0.156138 0.160978 0.165661 0.170181 0.174534 0.178716 0.182723 0.186550 0.190193 0.193650 0.196916 0.199989 0.202865 0.205541 0.208014 0.210283 0.212344 0.214197 0.215838 0.217266 0.218479 0.219477 0.220258 0.220822 0.221168 0.221295 0.221203 0.220893 0.220364 0.219617 0.218653 0.217473 0.216077 0.214468 0.212646 0.210614 0.208374 0.205926 0.203275 0.200423 0.197372 0.194126 0.190687 0.187060 0.183247 0.179252 0.175080 0.170735 0.166220 0.161541 0.156701 0.151707 0.146562 0.141272 0.135842 0.130277 0.124584 0.118767 0.112832 0.106785 0.100633 0.094381 0.088036 0.081604 0.075090 0.068503 0.061847 0.055130 0.048359 0.041540 0.034680 0.027785 0.020863 0.013920 0.006963 0.000000 
0.000000 0.005397 0.010788 0.016169 0.021533 0.026877 0.032194 0.037480 0.042729 0.047936 0.053095 0.058203 0.063253 0.068241 0.073162 0.078011 0.082783 0.087474 0.092079 0.096594 0.101013 0.105333 0.109549 0.113658 0.117655 0.121535 0.125297 0.128935 0.132446 0.135827 0.139074 0.142184 0.145154 0.147981 0.150662 0.153195 0.155577 0.157805 0.159878 0.161794 0.163550 0.165144 0.166576 0.167844 0.168946 0.169881 0.170649 0.171249 0.171679 0.171940 0.172032 0.171953 0.171705 0.171287 0.170700 0.169945 0.169022 0.167931 0.166675 0.165255 0.163671 0.161925 0.160019 0.157955 0.155735 0.153361 0.150836 0.148161 0.145340 0.142375 0.139270 0.136026 0.132648 0.129139 0.125502 0.121741 0.117860 0.113862 0.109752 0.105532 0.101209 0.096785 0.092266 0.087655 0.082957 0.078178 0.073321 0.068391 0.063394 0.058334 0.053216 0.048046 0.042828 0.037568 0.032270 0.026941 0.021585 0.016207 0.010814 0.005410 0.000000 
0.000000 0.004199 0.008394 0.012580 0.016754 0.020912 0.025049 0.029161 0.033245 0.037296 0.041310 0.045283 0.049212 0.053092 0.056920 0.060692 0.064404 0.068053 0.071634 0.075145 0.078582 0.081942 0.085220 0.088415 0.091523 0.094540 0.097464 0.100292 0.103022 0.105649 0.108173 0.110590 0.112898 0.115094 0.117177 0.119145 0.120995 0.122726 0.124335 0.125822 0.127185 0.128423 0.129534 0.130517 0.131371 0.132096 0.132690 0.133153 0.133485 0.133686 0.133754 0.133690 0.133495 0.133167 0.132709 0.132119 0.131399 0.130549 0.129570 0.128463 0.127230 0.125870 0.124387 0.122781 0.121053 0.119206 0.117241 0.115160 0.112966 0.110660 0.108245 0.105722 0.103096 0.100367 0.097539 0.094615 0.091598 0.088490 0.085294 0.082015 0.078654 0.075215 0.071702 0.068119 0.064468 0.060753 0.056978 0.053147 0.049263 0.045331 0.041354 0.037336 0.033281 0.029193 0.025077 0.020935 0.016773 0.012594 0.008403 0.004204 0.000000 
0.000000 0.003266 0.006528 0.009784 0.013031 0.016264 0.019482 0.022680 0.025856 0.029006 0.032128 0.035218 0.038274 0.041291 0.044268 0.047202 0.050088 0.052926 0.055711 0.058441 0.061114 0.063726 0.066275 0.068760 0.071176 0.073522 0.075795 0.077994 0.080116 0.082159 0.084121 0.086000 0.087794 0.089501 0.091120 0.092649 0.094087 0.095432 0.096683 0.097838 0.098897 0.099859 0.100721 0.101485 0.102148 0.102711 0.103172 0.103531 0.103788 0.103943 0.103995 0.103945 0.103792 0.103536 0.103179 0.102719 0.102158 0.101497 0.100735 0.099873 0.098913 0.097856 0.096702 0.095452 0.094108 0.092672 0.091143 0.089525 0.087819 0.086025 0.084147 0.082186 0.080143 0.078022 0.075823 0.073549 0.071203 0.068787 0.066303 0.063753 0.061140 0.058467 0.055736 0.052950 0.050112 0.047224 0.044290 0.041311 0.038293 0.035236 0.032144 0.029021 0.025869 0.022692 0.019492 0.016273 0.013037 0.009789 0.006532 0.003267 0.000000 
0.000000 0.002539 0.005076 0.007608 0.010133 0.012647 0.015149 0.017636 0.020106 0.022556 0.024983 0.027386 0.029762 0.032109 0.034424 0.036705 0.038949 0.041156 0.043321 0.045444 0.047522 0.049553 0.051536 0.053467 0.055346 0.057170 0.058938 0.060647 0.062297 0.063885 0.065410 0.066871 0.068266 0.069593 0.070852 0.072041 0.073158 0.074204 0.075176 0.076074 0.076897 0.077644 0.078315 0.078908 0.079424 0.079861 0.080219 0.080498 0.080698 0.080818 0.080858 0.080818 0.080699 0.080500 0.080221 0.079864 0.079427 0.078913 0.078320 0.077650 0.076903 0.076081 0.075183 0.074211 0.073166 0.072049 0.070860 0.069602 0.068275 0.066881 0.065420 0.063895 0.062307 0.060657 0.058948 0.057180 0.055356 0.053477 0.051546 0.049563 0.047532 0.045453 0.043330 0.041164 0.038958 0.036713 0.034431 0.032116 0.029769 0.027393 0.024989 0.022561 0.020111 0.017641 0.015153 0.012650 0.010135 0.007610 0.005078 0.002540 0.000000 
0.000000 0.001975 0.003947 0.005916 0.007879 0.009834 0.011780 0.013713 0.015634 0.017539 0.019426 0.021295 0.023142 0.024967 0.026766 0.028540 0.030285 0.032001 0.033685 0.035335 0.036951 0.038530 0.040072 0.041574 0.043034 0.044453 0.045827 0.047156 0.048439 0.049674 0.050860 0.051995 0.053080 0.054112 0.055090 0.056014 0.056883 0.057696 0.058452 0.059150 0.059790 0.060371 0.060892 0.061353 0.061754 0.062093 0.062372 0.062589 0.062744 0.062837 0.062868 0.062837 0.062744 0.062589 0.062373 0.062095 0.061755 0.061355 0.060894 0.060373 0.059792 0.059152 0.058454 0.057699 0.056886 0.056017 0.055093 0.054115 0.053083 0.051999 0.050863 0.049677 0.048442 0.047160 0.045831 0.044456 0.043038 0.041577 0.040075 0.038534 0.036955 0.035339 0.033688 0.032004 0.030288 0.028543 0.026769 0.024969 0.023145 0.021297 0.019428 0.017541 0.015636 0.013715 0.011781 0.009835 0.007880 0.005917 0.003948 0.001975 0.000000 
0.000000 0.001535 0.003069 0.004600 0.006126 0.007646 0.009159 0.010663 0.012156 0.013637 0.015105 0.016557 0.017994 0.019412 0.020812 0.022191 0.023548 0.024882 0.026191 0.027474 0.028731 0.029959 0.031157 0.032325 0.033461 0.034563 0.035632 0.036665 0.037663 0.038623 0.039545 0.040428 0.041271 0.042073 0.042834 0.043553 0.044228 0.044860 0.045448 0.045991 0.046488 0.046940 0.047345 0.047703 0.048015 0.048279 0.048495 0.048664 0.048784 0.048857 0.048881 0.048857 0.048784 0.048664 0.048495 0.048279 0.048015 0.047704 0.047345 0.046940 0.046489 0.045991 0.045449 0.044861 0.044229 0.043554 0.042835 0.042074 0.041272 0.040429 0.039546 0.038624 0.037664 0.036667 0.035633 0.034565 0.033462 0.032326 0.031158 0.029960 0.028732 0.027476 0.026192 0.024883 0.023549 0.022192 0.020813 0.019413 0.017995 0.016558 0.015105 0.013638 0.012156 0.010663 0.009160 0.007647 0.006127 0.004600 0.003069 0.001535 0.000000 
0.000000 0.001194 0.002386 0.003577 0.004763 0.005945 0.007121 0.008291 0.009451 0.010603 0.011744 0.012874 0.013991 0.015094 0.016182 0.017254 0.018309 0.019346 0.020364 0.021362 0.022339 0.023294 0.024225 0.025133 0.026016 0.026874 0.027705 0.028508 0.029283 0.030030 0.030747 0.031433 0.032089 0.032713 0.033304 0.033863 0.034388 0.034880 0.035336 0.035758 0.036145 0.036496 0.036811 0.037090 0.037332 0.037537 0.037706 0.037837 0.037930 0.037987 0.038005 0.037987 0.037931 0.037837 0.037706 0.037538 0.037332 0.037090 0.036812 0.036497 0.036145 0.035759 0.035337 0.034880 0.034389 0.033863 0.033305 0.032713 0.032089 0.031434 0.030747 0.030030 0.029284 0.028509 0.027705 0.026874 0.026017 0.025134 0.024226 0.023294 0.022339 0.021362 0.020365 0.019347 0.018309 0.017254 0.016182 0.015094 0.013991 0.012874 0.011744 0.010603 0.009452 0.008291 0.007122 0.005945 0.004763 0.003577 0.002386 0.001194 0.000000 
0.000000 0.000928 0.001855 0.002781 0.003704 0.004623 0.005537 0.006446 0.007349 0.008244 0.009131 0.010010 0.010878 0.011736 0.012582 0.013415 0.014236 0.015042 0.015833 0.016609 0.017369 0.018111 0.018836 0.019542 0.020228 0.020895 0.021541 0.022166 0.022768 0.023349 0.023906 0.024440 0.024950 0.025435 0.025895 0.026329 0.026737 0.027119 0.027475 0.027803 0.028103 0.028376 0.028621 0.028838 0.029026 0.029186 0.029317 0.029419 0.029491 0.029535 0.029550 0.029535 0.029491 0.029419 0.029317 0.029186 0.029026 0.028838 0.028621 0.028377 0.028104 0.027803 0.027475 0.027120 0.026738 0.026329 0.025895 0.025435 0.024950 0.024440 0.023906 0.023349 0.022769 0.022166 0.021541 0.020895 0.020228 0.019542 0.018836 0.018111 0.017369 0.016610 0.015834 0.015042 0.014236 0.013415 0.012582 0.011736 0.010878 0.010010 0.009131 0.008244 0.007349 0.006446 0.005537 0.004623 0.003704 0.002781 0.001855 0.000928 0.000000 
0.000000 0.000722 0.001443 0.002162 0.002880 0.003594 0.004305 0.005012 0.005714 0.006410 0.007100 0.007783 0.008458 0.009125 0.009782 0.010431 0.011068 0.011695 0.012311 0.012914 0.013505 0.014082 0.014645 0.015194 0.015728 0.016246 0.016748 0.017234 0.017703 0.018154 0.018587 0.019002 0.019399 0.019776 0.020133 0.020471 0.020789 0.021086 0.021362 0.021617 0.021851 0.022063 0.022254 0.022422 0.022568 0.022692 0.022794 0.022873 0.022930 0.022964 0.022975 0.022964 0.022930 0.022873 0.022794 0.022693 0.022568 0.022422 0.022254 0.022063 0.021851 0.021617 0.021362 0.021086 0.020789 0.020471 0.020133 0.019776 0.019399 0.019003 0.018587 0.018154 0.017703 0.017234 0.016748 0.016246 0.015728 0.015194 0.014645 0.014082 0.013505 0.012914 0.012311 0.011695 0.011068 0.010431 0.009782 0.009125 0.008458 0.007783 0.007100 0.006410 0.005714 0.005012 0.004305 0.003594 0.002880 0.002162 0.001443 0.000722 0.000000 
0.000000 0.000561 0.001122 0.001681 0.002239 0.002794 0.003347 0.003897 0.004443 0.004984 0.005520 0.006051 0.006576 0.007095 0.007606 0.008110 0.008606 0.009093 0.009572 0.010041 0.010500 0.010949 0.011387 0.011813 0.012229 0.012632 0.013022 0.013400 0.013764 0.014115 0.014452 0.014775 0.015083 0.015376 0.015654 0.015917 0.016164 0.016394 0.016609 0.016808 0.016989 0.017154 0.017302 0.017433 0.017547 0.017644 0.017723 0.017784 0.017828 0.017855 0.017864 0.017855 0.017828 0.017784 0.017723 0.017644 0.017547 0.017433 0.017302 0.017154 0.016989 0.016808 0.016609 0.016394 0.016164 0.015917 0.015654 0.015376 0.015083 0.014775 0.014452 0.014115 0.013764 0.013400 0.013022 0.012632 0.012229 0.011813 0.011387 0.010949 0.010500 0.010041 0.009572 0.009093 0.008606 0.008110 0.007606 0.007095 0.006576 0.006051 0.005520 0.004984 0.004443 0.003897 0.003347 0.002794 0.002239 0.001681 0.001122 0.000561 0.000000 
0.000000 0.000436 0.000872 0.001307 0.001741 0.002173 0.002603 0.003030 0.003454 0.003875 0.004292 0.004705 0.005113 0.005516 0.005914 0.006306 0.006691 0.007070 0.007442 0.007807 0.008164 0.008513 0.008853 0.009185 0.009508 0.009821 0.010125 0.010418 0.010702 0.010975 0.011237 0.011488 0.011727 0.011955 0.012171 0.012375 0.012567 0.012747 0.012914 0.013068 0.013209 0.013338 0.013453 0.013555 0.013643 0.013718 0.013780 0.013828 0.013862 0.013882 0.013889 0.013882 0.013862 0.013828 0.013780 0.013718 0.013643 0.013555 0.013453 0.013338 0.013209 0.013068 0.012914 0.012747 0.012567 0.012375 0.012171 0.011955 0.011727 0.011488 0.011237 0.010975 0.010702 0.010418 0.010125 0.009821 0.009508 0.009185 0.008853 0.008513 0.008164 0.007807 0.007442 0.007070 0.006691 0.006306 0.005914 0.005516 0.005113 0.004705 0.004292 0.003875 0.003454 0.003030 0.002603 0.002173 0.001741 0.001307 0.000872 0.000436 0.000000 
0.000000 0.000339 0.000678 0.001016 0.001353 0.001689 0.002024 0.002356 0.002686 0.003013 0.003337 0.003658 0.003975 0.004289 0.004598 0.004903 0.005202 0.005497 0.005786 0.006070 0.006348 0.006619 0.006884 0.007142 0.007392 0.007636 0.007872 0.008101 0.008321 0.008533 0.008737 0.008932 0.009118 0.009295 0.009463 0.009622 0.009771 0.009911 0.010041 0.010161 0.010271 0.010370 0.010460 0.010539 0.010608 0.010666 0.010714 0.010751 0.010778 0.010794 0.010799 0.010794 0.010778 0.010751 0.010714 0.010666 0.010608 0.010539 0.010460 0.010370 0.010271 0.010161 0.010041 0.009911 0.009771 0.009622 0.009463 0.009295 0.009118 0.008932 0.008737 0.008533 0.008321 0.008101 0.007872 0.007636 0.007392 0.007142 0.006884 0.006619 0.006348 0.006070 0.005786 0.005497 0.005203 0.004903 0.004598 0.004289 0.003975 0.003658 0.003337 0.003013 0.002686 0.002356 0.002024 0.001689 0.001353 0.001016 0.000678 0.000339 0.000000 
0.000000 0.000264 0.000527 0.000790 0.001052 0.001313 0.001573 0.001832 0.002088 0.002343 0.002595 0.002844 0.003091 0.003335 0.003575 0.003812 0.004045 0.004274 0.004499 0.004719 0.004935 0.005146 0.005352 0.005553 0.005748 0.005937 0.006121 0.006298 0.006470 0.006634 0.006793 0.006945 0.007089 0.007227 0.007358 0.007481 0.007597 0.007706 0.007807 0.007900 0.007985 0.008063 0.008133 0.008194 0.008248 0.008293 0.008330 0.008359 0.008380 0.008392 0.008396 0.008392 0.008380 0.008359 0.008330 0.008293 0.008248 0.008194 0.008133 0.008063 0.007985 0.007900 0.007807 0.007706 0.007597 0.007481 0.007358 0.007227 0.007089 0.006945 0.006793 0.006634 0.006470 0.006298 0.006121 0.005937 0.005748 0.005553 0.005352 0.005146 0.004935 0.004719 0.004499 0.004274 0.004045 0.003812 0.003575 0.003335 0.003091 0.002844 0.002595 0.002343 0.002088 0.001832 0.001573 0.001313 0.001052 0.000790 0.000527 0.000264 0.000000 
0.000000 0.000205 0.000410 0.000614 0.000818 0.001021 0.001223 0.001424 0.001624 0.001821 0.002017 0.002211 0.002403 0.002593 0.002780 0.002964 0.003145 0.003323 0.003498 0.003669 0.003837 0.004001 0.004161 0.004317 0.004469 0.004616 0.004759 0.004897 0.005030 0.005158 0.005282 0.005399 0.005512 0.005619 0.005721 0.005817 0.005907 0.005991 0.006070 0.006142 0.006209 0.006269 0.006323 0.006371 0.006413 0.006448 0.006477 0.006499 0.006515 0.006525 0.006528 0.006525 0.006515 0.006499 0.006477 0.006448 0.006413 0.006371 0.006323 0.006269 0.006209 0.006142 0.006070 0.005991 0.005907 0.005817 0.005721 0.005619 0.005512 0.005399 0.005282 0.005158 0.005030 0.004897 0.004759 0.004616 0.004469 0.004317 0.004161 0.004001 0.003837 0.003669 0.003498 0.003323 0.003145 0.002964 0.002780 0.002593 0.002403 0.002211 0.002017 0.001821 0.001624 0.001424 0.001223 0.001021 0.000818 0.000614 0.000410 0.000205 0.000000 
0.000000 0.000159 0.000319 0.000478 0.000636 0.000794 0.000951 0.001107 0.001262 0.001416 0.001569 0.001719 0.001869 0.002016 0.002161 0.002304 0.002445 0.002584 0.002720 0.002853 0.002984 0.003111 0.003235 0.003357 0.003475 0.003589 0.003700 0.003807 0.003911 0.004011 0.004106 0.004198 0.004286 0.004369 0.004448 0.004523 0.004593 0.004658 0.004719 0.004776 0.004827 0.004874 0.004916 0.004954 0.004986 0.005013 0.005036 0.005053 0.005066 0.005073 0.005076 0.005073 0.005066 0.005053 0.005036 0.005013 0.004986 0.004954 0.004916 0.004874 0.004827 0.004776 0.004719 0.004658 0.004593 0.004523 0.004448 0.004369 0.004286 0.004198 0.004106 0.004011 0.003911 0.003807 0.003700 0.003589 0.003475 0.003357 0.003235 0.003111 0.002984 0.002853 0.002720 0.002584 0.002445 0.002304 0.002161 0.002016 0.001869 0.001719 0.001569 0.001416 0.001262 0.001107 0.000951 0.000794 0.000636 0.000478 0.000319 0.000159 0.000000 
0.000000 0.000124 0.000248 0.000371 0.000495 0.000617 0.000740 0.000861 0.000981 0.001101 0.001220 0.001337 0.001453 0.001567 0.001680 0.001792 0.001901 0.002009 0.002115 0.002218 0.002320 0.002419 0.002516 0.002610 0.002702 0.002791 0.002877 0.002960 0.003041 0.003118 0.003193 0.003264 0.003332 0.003397 0.003458 0.003516 0.003571 0.003622 0.003669 0.003713 0.003753 0.003790 0.003823 0.003852 0.003877 0.003898 0.003915 0.003929 0.003939 0.003945 0.003947 0.003945 0.003939 0.003929 0.003915 0.003898 0.003877 0.003852 0.003823 0.003790 0.003753 0.003713 0.003669 0.003622 0.003571 0.003516 0.003458 0.003397 0.003332 0.003264 0.003193 0.003118 0.003041 0.002960 0.002877 0.002791 0.002702 0.002610 0.002516 0.002419 0.002320 0.002218 0.002115 0.002009 0.001901 0.001792 0.001680 0.001567 0.001453 0.001337 0.001220 0.001101 0.000981 0.000861 0.000740 0.000617 0.000495 0.000371 0.000248 0.000124 0.000000 
0.000000 0.000096 0.000193 0.000289 0.000385 0.000480 0.000575 0.000669 0.000763 0.000856 0.000948 0.001039 0.001130 0.001219 0.001307 0.001393 0.001478 0.001562 0.001644 0.001725 0.001804 0.001881 0.001956 0.002029 0.002101 0.002170 0.002237 0.002302 0.002364 0.002425 0.002482 0.002538 0.002591 0.002641 0.002689 0.002734 0.002776 0.002816 0.002853 0.002887 0.002918 0.002947 0.002972 0.002995 0.003014 0.003031 0.003044 0.003055 0.003062 0.003067 0.003069 0.003067 0.003062 0.003055 0.003044 0.003031 0.003014 0.002995 0.002972 0.002947 0.002918 0.002887 0.002853 0.002816 0.002776 0.002734 0.002689 0.002641 0.002591 0.002538 0.002482 0.002425 0.002364 0.002302 0.002237 0.002170 0.002101 0.002029 0.001956 0.001881 0.001804 0.001725 0.001644 0.001562 0.001478 0.001393 0.001307 0.001219 0.001130 0.001039 0.000948 0.000856 0.000763 0.000669 0.000575 0.000480 0.000385 0.000289 0.000193 0.000096 0.000000 
0.000000 0.000075 0.000150 0.000225 0.000299 0.000373 0.000447 0.000520 0.000593 0.000666 0.000737 0.000808 0.000878 0.000948 0.001016 0.001083 0.001149 0.001214 0.001278 0.001341 0.001402 0.001462 0.001521 0.001578 0.001633 0.001687 0.001739 0.001790 0.001838 0.001885 0.001930 0.001973 0.002014 0.002054 0.002091 0.002126 0.002159 0.002190 0.002218 0.002245 0.002269 0.002291 0.002311 0.002328 0.002344 0.002356 0.002367 0.002375 0.002381 0.002385 0.002386 0.002385 0.002381 0.002375 0.002367 0.002356 0.002344 0.002328 0.002311 0.002291 0.002269 0.002245 0.002218 0.002190 0.002159 0.002126 0.002091 0.002054 0.002014 0.001973 0.001930 0.001885 0.001838 0.001790 0.001739 0.001687 0.001633 0.001578 0.001521 0.001462 0.001402 0.001341 0.001278 0.001214 0.001149 0.001083 0.001016 0.000948 0.000878 0.000808 0.000737 0.000666 0.000593 0.000520 0.000447 0.000373 0.000299 0.000225 0.000150 0.000075 0.000000 
0.000000 0.000058 0.000116 0.000175 0.000232 0.000290 0.000348 0.000405 0.000461 0.000518 0.000573 0.000628 0.000683 0.000737 0.000790 0.000842 0.000894 0.000944 0.000994 0.001043 0.001090 0.001137 0.001182 0.001227 0.001270 0.001312 0.001352 0.001391 0.001429 0.001466 0.001501 0.001534 0.001566 0.001597 0.001626 0.001653 0.001678 0.001702 0.001725 0.001745 0.001764 0.001781 0.001797 0.001810 0.001822 0.001832 0.001840 0.001847 0.001851 0.001854 0.001855 0.001854 0.001851 0.001847 0.001840 0.001832 0.001822 0.001810 0.001797 0.001781 0.001764 0.001745 0.001725 0.001702 0.001678 0.001653 0.001626 0.001597 0.001566 0.001534 0.001501 0.001466 0.001429 0.001391 0.001352 0.001312 0.001270 0.001227 0.001182 0.001137 0.001090 0.001043 0.000994 0.000944 0.000894 0.000842 0.000790 0.000737 0.000683 0.000628 0.000573 0.000518 0.000461 0.000405 0.000348 0.000290 0.000232 0.000175 0.000116 0.000058 0.000000 
0.000000 0.000045 0.000091 0.000136 0.000181 0.000226 0.000270 0.000315 0.000359 0.000402 0.000446 0.000489 0.000531 0.000573 0.000614 0.000655 0.000695 0.000734 0.000773 0.000811 0.000848 0.000884 0.000919 0.000954 0.000987 0.001020 0.001051 0.001082 0.001111 0.001140 0.001167 0.001193 0.001218 0.001241 0.001264 0.001285 0.001305 0.001324 0.001341 0.001357 0.001372 0.001385 0.001397 0.001408 0.001417 0.001425 0.001431 0.001436 0.001439 0.001442 0.001442 0.001442 0.001439 0.001436 0.001431 0.001425 0.001417 0.001408 0.001397 0.001385 0.001372 0.001357 0.001341 0.001324 0.001305 0.001285 0.001264 0.001241 0.001218 0.001193 0.001167 0.001140 0.001111 0.001082 0.001051 0.001020 0.000987 0.000954 0.000919 0.000884 0.000848 0.000811 0.000773 0.000734 0.000695 0.000655 0.000614 0.000573 0.000531 0.000489 0.000446 0.000402 0.000359 0.000315 0.000270 0.000226 0.000181 0.000136 0.000091 0.000045 0.000000 
0.000000 0.000035 0.000070 0.000106 0.000141 0.000175 0.000210 0.000245 0.000279 0.000313 0.000347 0.000380 0.000413 0.000445 0.000477 0.000509 0.000540 0.000571 0.000601 0.000630 0.000659 0.000687 0.000715 0.000742 0.000768 0.000793 0.000817 0.000841 0.000864 0.000886 0.000907 0.000927 0.000947 0.000965 0.000983 0.000999 0.001015 0.001029 0.001043 0.001055 0.001067 0.001077 0.001086 0.001094 0.001102 0.001108 0.001113 0.001116 0.001119 0.001121 0.001121 0.001121 0.001119 0.001116 0.001113 0.001108 0.001102 0.001094 0.001086 0.001077 0.001067 0.001055 0.001043 0.001029 0.001015 0.000999 0.000983 0.000965 0.000947 0.000927 0.000907 0.000886 0.000864 0.000841 0.000817 0.000793 0.000768 0.000742 0.000715 0.000687 0.000659 0.000630 0.000601 0.000571 0.000540 0.000509 0.000477 0.000445 0.000413 0.000380 0.000347 0.000313 0.000279 0.000245 0.000210 0.000175 0.000141 0.000106 0.000070 0.000035 0.000000 
0.000000 0.000027 0.000055 0.000082 0.000109 0.000136 0.000163 0.000190 0.000217 0.000243 0.000269 0.000295 0.000321 0.000346 0.000371 0.000396 0.000420 0.000444 0.000467 0.000490 0.000512 0.000534 0.000556 0.000577 0.000597 0.000617 0.000636 0.000654 0.000672 0.000689 0.000705 0.000721 0.000736 0.000750 0.000764 0.000777 0.000789 0.000800 0.000811 0.000820 0.000829 0.000837 0.000845 0.000851 0.000856 0.000861 0.000865 0.000868 0.000870 0.000871 0.000872 0.000871 0.000870 0.000868 0.000865 0.000861 0.000856 0.000851 0.000845 0.000837 0.000829 0.000820 0.000811 0.000800 0.000789 0.000777 0.000764 0.000750 0.000736 0.000721 0.000705 0.000689 0.000672 0.000654 0.000636 0.000617 0.000597 0.000577 0.000556 0.000534 0.000512 0.000490 0.000467 0.000444 0.000420 0.000396 0.000371 0.000346 0.000321 0.000295 0.000269 0.000243 0.000217 0.000190 0.000163 0.000136 0.000109 0.000082 0.000055 0.000027 0.000000 
0.000000 0.000021 0.000043 0.000064 0.000085 0.000106 0.000127 0.000148 0.000169 0.000189 0.000209 0.000230 0.000250 0.000269 0.000289 0.000308 0.000327 0.000345 0.000363 0.000381 0.000398 0.000416 0.000432 0.000448 0.000464 0.000479 0.000494 0.000509 0.000522 0.000536 0.000548 0.000561 0.000572 0.000584 0.000594 0.000604 0.000613 0.000622 0.000630 0.000638 0.000645 0.000651 0.000657 0.000662 0.000666 0.000670 0.000673 0.000675 0.000677 0.000678 0.000678 0.000678 0.000677 0.000675 0.000673 0.000670 0.000666 0.000662 0.000657 0.000651 0.000645 0.000638 0.000630 0.000622 0.000613 0.000604 0.000594 0.000584 0.000572 0.000561 0.000548 0.000536 0.000522 0.000509 0.000494 0.000479 0.000464 0.000448 0.000432 0.000416 0.000398 0.000381 0.000363 0.000345 0.000327 0.000308 0.000289 0.000269 0.000250 0.000230 0.000209 0.000189 0.000169 0.000148 0.000127 0.000106 0.000085 0.000064 0.000043 0.000021 0.000000 
0.000000 0.000017 0.000033 0.000050 0.000066 0.000082 0.000099 0.000115 0.000131 0.000147 0.000163 0.000179 0.000194 0.000209 0.000224 0.000239 0.000254 0.000268 0.000282 0.000296 0.000310 0.000323 0.000336 0.000349 0.000361 0.000373 0.000384 0.000395 0.000406 0.000416 0.000426 0.000436 0.000445 0.000454 0.000462 0.000470 0.000477 0.000484 0.000490 0.000496 0.000501 0.000506 0.000511 0.000514 0.000518 0.000521 0.000523 0.000525 0.000526 0.000527 0.000527 0.000527 0.000526 0.000525 0.000523 0.000521 0.000518 0.000514 0.000511 0.000506 0.000501 0.000496 0.000490 0.000484 0.000477 0.000470 0.000462 0.000454 0.000445 0.000436 0.000426 0.000416 0.000406 0.000395 0.000384 0.000373 0.000361 0.000349 0.000336 0.000323 0.000310 0.000296 0.000282 0.000268 0.000254 0.000239 0.000224 0.000209 0.000194 0.000179 0.000163 0.000147 0.000131 0.000115 0.000099 0.000082 0.000066 0.000050 0.000033 0.000017 0.000000 
0.000000 0.000013 0.000026 0.000039 0.000051 0.000064 0.000077 0.000089 0.000102 0.000114 0.000127 0.000139 0.000151 0.000163 0.000174 0.000186 0.000197 0.000209 0.000220 0.000230 0.000241 0.000251 0.000261 0.000271 0.000281 0.000290 0.000299 0.000307 0.000316 0.000324 0.000332 0.000339 0.000346 0.000353 0.000359 0.000365 0.000371 0.000376 0.000381 0.000386 0.000390 0.000394 0.000397 0.000400 0.000403 0.000405 0.000407 0.000408 0.000409 0.000410 0.000410 0.000410 0.000409 0.000408 0.000407 0.000405 0.000403 0.000400 0.000397 0.000394 0.000390 0.000386 0.000381 0.000376 0.000371 0.000365 0.000359 0.000353 0.000346 0.000339 0.000332 0.000324 0.000316 0.000307 0.000299 0.000290 0.000281 0.000271 0.000261 0.000251 0.000241 0.000230 0.000220 0.000209 0.000197 0.000186 0.000174 0.000163 0.000151 0.000139 0.000127 0.000114 0.000102 0.000089 0.000077 0.000064 0.000051 0.000039 0.000026 0.000013 0.000000 
0.000000 0.000010 0.000020 0.000030 0.000040 0.000050 0.000060 0.000070 0.000079 0.000089 0.000098 0.000108 0.000117 0.000127 0.000136 0.000145 0.000154 0.000162 0.000171 0.000179 0.000187 0.000195 0.000203 0.000211 0.000218 0.000225 0.000232 0.000239 0.000246 0.000252 0.000258 0.000264 0.000269 0.000274 0.000279 0.000284 0.000288 0.000292 0.000296 0.000300 0.000303 0.000306 0.000309 0.000311 0.000313 0.000315 0.000316 0.000317 0.000318 0.000318 0.000319 0.000318 0.000318 0.000317 0.000316 0.000315 0.000313 0.000311 0.000309 0.000306 0.000303 0.000300 0.000296 0.000292 0.000288 0.000284 0.000279 0.000274 0.000269 0.000264 0.000258 0.000252 0.000246 0.000239 0.000232 0.000225 0.000218 0.000211 0.000203 0.000195 0.000187 0.000179 0.000171 0.000162 0.000154 0.000145 0.000136 0.000127 0.000117 0.000108 0.000098 0.000089 0.000079 0.000070 0.000060 0.000050 0.000040 0.000030 0.000020 0.000010 0.000000 
0.000000 0.000008 0.000016 0.000023 0.000031 0.000039 0.000046 0.000054 0.000062 0.000069 0.000077 0.000084 0.000091 0.000098 0.000105 0.000112 0.000119 0.000126 0.000133 0.000139 0.000146 0.000152 0.000158 0.000164 0.000170 0.000175 0.000181 0.000186 0.000191 0.000196 0.000200 0.000205 0.000209 0.000213 0.000217 0.000221 0.000224 0.000227 0.000230 0.000233 0.000236 0.000238 0.000240 0.000242 0.000243 0.000245 0.000246 0.000247 0.000247 0.000248 0.000248 0.000248 0.000247 0.000247 0.000246 0.000245 0.000243 0.000242 0.000240 0.000238 0.000236 0.000233 0.000230 0.000227 0.000224 0.000221 0.000217 0.000213 0.000209 0.000205 0.000200 0.000196 0.000191 0.000186 0.000181 0.000175 0.000170 0.000164 0.000158 0.000152 0.000146 0.000139 0.000133 0.000126 0.000119 0.000112 0.000105 0.000098 0.000091 0.000084 0.000077 0.000069 0.000062 0.000054 0.000046 0.000039 0.000031 0.000023 0.000016 0.000008 0.000000 
0.000000 0.000006 0.000012 0.000018 0.000024 0.000030 0.000036 0.000042 0.000048 0.000054 0.000060 0.000065 0.000071 0.000077 0.000082 0.000087 0.000093 0.000098 0.000103 0.000108 0.000113 0.000118 0.000123 0.000127 0.000132 0.000136 0.000140 0.000144 0.000148 0.000152 0.000156 0.000159 0.000163 0.000166 0.000169 0.000172 0.000174 0.000177 0.000179 0.000181 0.000183 0.000185 0.000187 0.000188 0.000189 0.000190 0.000191 0.000192 0.000192 0.000193 0.000193 0.000193 0.000192 0.000192 0.000191 0.000190 0.000189 0.000188 0.000187 0.000185 0.000183 0.000181 0.000179 0.000177 0.000174 0.000172 0.000169 0.000166 0.000163 0.000159 0.000156 0.000152 0.000148 0.000144 0.000140 0.000136 0.000132 0.000127 0.000123 0.000118 0.000113 0.000108 0.000103 0.000098 0.000093 0.000087 0.000082 0.000077 0.000071 0.000065 0.000060 0.000054 0.000048 0.000042 0.000036 0.000030 0.000024 0.000018 0.000012 0.000006 0.000000 
0.000000 0.000005 0.000009 0.000014 0.000019 0.000023 0.000028 0.000033 0.000037 0.000042 0.000046 0.000051 0.000055 0.000059 0.000064 0.000068 0.000072 0.000076 0.000080 0.000084 0.000088 0.000092 0.000095 0.000099 0.000103 0.000106 0.000109 0.000112 0.000115 0.000118 0.000121 0.000124 0.000126 0.000129 0.000131 0.000133 0.000136 0.000137 0.000139 0.000141 0.000142 0.000144 0.000145 0.000146 0.000147 0.000148 0.000149 0.000149 0.000149 0.000150 0.000150 0.000150 0.000149 0.000149 0.000149 0.000148 0.000147 0.000146 0.000145 0.000144 0.000142 0.000141 0.000139 0.000137 0.000136 0.000133 0.000131 0.000129 0.000126 0.000124 0.000121 0.000118 0.000115 0.000112 0.000109 0.000106 0.000103 0.000099 0.000095 0.000092 0.000088 0.000084 0.000080 0.000076 0.000072 0.000068 0.000064 0.000059 0.000055 0.000051 0.000046 0.000042 0.000037 0.000033 0.000028 0.000023 0.000019 0.000014 0.000009 0.000005 0.000000 
0.000000 0.000004 0.000007 0.000011 0.000015 0.000018 0.000022 0.000025 0.000029 0.000032 0.000036 0.000039 0.000043 0.000046 0.000050 0.000053 0.000056 0.000059 0.000062 0.000065 0.000068 0.000071 0.000074 0.000077 0.000080 0.000082 0.000085 0.000087 0.000090 0.000092 0.000094 0.000096 0.000098 0.000100 0.000102 0.000104 0.000105 0.000107 0.000108 0.000110 0.000111 0.000112 0.000113 0.000114 0.000114 0.000115 0.000116 0.000116 0.000116 0.000116 0.000116 0.000116 0.000116 0.000116 0.000116 0.000115 0.000114 0.000114 0.000113 0.000112 0.000111 0.000110 0.000108 0.000107 0.000105 0.000104 0.000102 0.000100 0.000098 0.000096 0.000094 0.000092 0.000090 0.000087 0.000085 0.000082 0.000080 0.000077 0.000074 0.000071 0.000068 0.000065 0.000062 0.000059 0.000056 0.000053 0.000050 0.000046 0.000043 0.000039 0.000036 0.000032 0.000029 0.000025 0.000022 0.000018 0.000015 0.000011 0.000007 0.000004 0.000000 
0.000000 0.000003 0.000006 0.000009 0.000011 0.000014 0.000017 0.000020 0.000023 0.000025 0.000028 0.000031 0.000033 0.000036 0.000039 0.000041 0.000044 0.000046 0.000049 0.000051 0.000053 0.000055 0.000058 0.000060 0.000062 0.000064 0.000066 0.000068 0.000070 0.000072 0.000073 0.000075 0.000076 0.000078 0.000079 0.000081 0.000082 0.000083 0.000084 0.000085 0.000086 0.000087 0.000088 0.000088 0.000089 0.000089 0.000090 0.000090 0.000090 0.000090 0.000091 0.000090 0.000090 0.000090 0.000090 0.000089 0.000089 0.000088 0.000088 0.000087 0.000086 0.000085 0.000084 0.000083 0.000082 0.000081 0.000079 0.000078 0.000076 0.000075 0.000073 0.000072 0.000070 0.000068 0.000066 0.000064 0.000062 0.000060 0.000058 0.000055 0.000053 0.000051 0.000049 0.000046 0.000044 0.000041 0.000039 0.000036 0.000033 0.000031 0.000028 0.000025 0.000023 0.000020 0.000017 0.000014 0.000011 0.000009 0.000006 0.000003 0.000000 
0.000000 0.000002 0.000004 0.000007 0.000009 0.000011 0.000013 0.000015 0.000018 0.000020 0.000022 0.000024 0.000026 0.000028 0.000030 0.000032 0.000034 0.000036 0.000038 0.000040 0.000041 0.000043 0.000045 0.000047 0.000048 0.000050 0.000051 0.000053 0.000054 0.000056 0.000057 0.000058 0.000059 0.000061 0.000062 0.000063 0.000064 0.000065 0.000065 0.000066 0.000067 0.000068 0.000068 0.000069 0.000069 0.000070 0.000070 0.000070 0.000070 0.000070 0.000070 0.000070 0.000070 0.000070 0.000070 0.000070 0.000069 0.000069 0.000068 0.000068 0.000067 0.000066 0.000065 0.000065 0.000064 0.000063 0.000062 0.000061 0.000059 0.000058 0.000057 0.000056 0.000054 0.000053 0.000051 0.000050 0.000048 0.000047 0.000045 0.000043 0.000041 0.000040 0.000038 0.000036 0.000034 0.000032 0.000030 0.000028 0.000026 0.000024 0.000022 0.000020 0.000018 0.000015 0.000013 0.000011 0.000009 0.000007 0.000004 0.000002 0.000000 
0.000000 0.000002 0.000003 0.000005 0.000007 0.000009 0.000010 0.000012 0.000014 0.000015 0.000017 0.000019 0.000020 0.000022 0.000023 0.000025 0.000026 0.000028 0.000029 0.000031 0.000032 0.000034 0.000035 0.000036 0.000037 0.000039 0.000040 0.000041 0.000042 0.000043 0.000044 0.000045 0.000046 0.000047 0.000048 0.000049 0.000050 0.000050 0.000051 0.000051 0.000052 0.000053 0.000053 0.000053 0.000054 0.000054 0.000054 0.000054 0.000055 0.000055 0.000055 0.000055 0.000055 0.000054 0.000054 0.000054 0.000054 0.000053 0.000053 0.000053 0.000052 0.000051 0.000051 0.000050 0.000050 0.000049 0.000048 0.000047 0.000046 0.000045 0.000044 0.000043 0.000042 0.000041 0.000040 0.000039 0.000037 0.000036 0.000035 0.000034 0.000032 0.000031 0.000029 0.000028 0.000026 0.000025 0.000023 0.000022 0.000020 0.000019 0.000017 0.000015 0.000014 0.000012 0.000010 0.000009 0.000007 0.000005 0.000003 0.000002 0.000000 
0.000000 0.000001 0.000003 0.000004 0.000005 0.000007 0.000008 0.000009 0.000011 0.000012 0.000013 0.000014 0.000016 0.000017 0.000018 0.000019 0.000021 0.000022 0.000023 0.000024 0.000025 0.000026 0.000027 0.000028 0.000029 0.000030 0.000031 0.000032 0.000033 0.000034 0.000034 0.000035 0.000036 0.000037 0.000037 0.000038 0.000039 0.000039 0.000040 0.000040 0.000040 0.000041 0.000041 0.000042 0.000042 0.000042 0.000042 0.000042 0.000042 0.000043 0.000043 0.000043 0.000042 0.000042 0.000042 0.000042 0.000042 0.000042 0.000041 0.000041 0.000040 0.000040 0.000040 0.000039 0.000039 0.000038 0.000037 0.000037 0.000036 0.000035 0.000034 0.000034 0.000033 0.000032 0.000031 0.000030 0.000029 0.000028 0.000027 0.000026 0.000025 0.000024 0.000023 0.000022 0.000021 0.000019 0.000018 0.000017 0.000016 0.000014 0.000013 0.000012 0.000011 0.000009 0.000008 0.000007 0.000005 0.000004 0.000003 0.000001 0.000000 
0.000000 0.000001 0.000002 0.000003 0.000004 0.000005 0.000006 0.000007 0.000008 0.000009 0.000010 0.000011 0.000012 0.000013 0.000014 0.000015 0.000016 0.000017 0.000018 0.000019 0.000019 0.000020 0.000021 0.000022 0.000023 0.000023 0.000024 0.000025 0.000025 0.000026 0.000027 0.000027 0.000028 0.000028 0.000029 0.000029 0.000030 0.000030 0.000031 0.000031 0.000031 0.000032 0.000032 0.000032 0.000033 0.000033 0.000033 0.000033 0.000033 0.000033 0.000033 0.000033 0.000033 0.000033 0.000033 0.000033 0.000033 0.000032 0.000032 0.000032 0.000031 0.000031 0.000031 0.000030 0.000030 0.000029 0.000029 0.000028 0.000028 0.000027 0.000027 0.000026 0.000025 0.000025 0.000024 0.000023 0.000023 0.000022 0.000021 0.000020 0.000019 0.000019 0.000018 0.000017 0.000016 0.000015 0.000014 0.000013 0.000012 0.000011 0.000010 0.000009 0.000008 0.000007 0.000006 0.000005 0.000004 0.000003 0.000002 0.000001 0.000000 
0.000000 0.000001 0.000002 0.000002 0.000003 0.000004 0.000005 0.000006 0.000006 0.000007 0.000008 0.000009 0.000009 0.000010 0.000011 0.000012 0.000012 0.000013 0.000014 0.000014 0.000015 0.000016 0.000016 0.000017 0.000018 0.000018 0.000019 0.000019 0.000020 0.000020 0.000021 0.000021 0.000022 0.000022 0.000023 0.000023 0.000023 0.000024 0.000024 0.000024 0.000024 0.000025 0.000025 0.000025 0.000025 0.000025 0.000026 0.000026 0.000026 0.000026 0.000026 0.000026 0.000026 0.000026 0.000026 0.000025 0.000025 0.000025 0.000025 0.000025 0.000024 0.000024 0.000024 0.000024 0.000023 0.000023 0.000023 0.000022 0.000022 0.000021 0.000021 0.000020 0.000020 0.000019 0.000019 0.000018 0.000018 0.000017 0.000016 0.000016 0.000015 0.000014 0.000014 0.000013 0.000012 0.000012 0.000011 0.000010 0.000009 0.000009 0.000008 0.000007 0.000006 0.000006 0.000005 0.000004 0.000003 0.000002 0.000002 0.000001 0.000000 
0.000000 0.000001 0.000001 0.000002 0.000003 0.000003 0.000004 0.000004 0.000005 0.000006 0.000006 0.000007 0.000007 0.000008 0.000009 0.000009 0.000010 0.000010 0.000011 0.000011 0.000012 0.000012 0.000013 0.000013 0.000014 0.000014 0.000015 0.000015 0.000015 0.000016 0.000016 0.000017 0.000017 0.000017 0.000018 0.000018 0.000018 0.000018 0.000019 0.000019 0.000019 0.000019 0.000019 0.000020 0.000020 0.000020 0.000020 0.000020 0.000020 0.000020 0.000020 0.000020 0.000020 0.000020 0.000020 0.000020 0.000020 0.000020 0.000019 0.000019 0.000019 0.000019 0.000019 0.000018 0.000018 0.000018 0.000018 0.000017 0.000017 0.000017 0.000016 0.000016 0.000015 0.000015 0.000015 0.000014 0.000014 0.000013 0.000013 0.000012 0.000012 0.000011 0.000011 0.000010 0.000010 0.000009 0.000009 0.000008 0.000007 0.000007 0.000006 0.000006 0.000005 0.000004 0.000004 0.000003 0.000003 0.000002 0.000001 0.000001 0.000000 
0.000000 0.000000 0.000001 0.000001 0.000002 0.000002 0.000003 0.000003 0.000004 0.000004 0.000005 0.000005 0.000006 0.000006 0.000007 0.000007 0.000007 0.000008 0.000008 0.000009 0.000009 0.000010 0.000010 0.000010 0.000011 0.000011 0.000011 0.000012 0.000012 0.000012 0.000013 0.000013 0.000013 0.000013 0.000014 0.000014 0.000014 0.000014 0.000014 0.000015 0.000015 0.000015 0.000015 0.000015 0.000015 0.000015 0.000015 0.000015 0.000016 0.000016 0.000016 0.000016 0.000016 0.000015 0.000015 0.000015 0.000015 0.000015 0.000015 0.000015 0.000015 0.000015 0.000014 0.000014 0.000014 0.000014 0.000014 0.000013 0.000013 0.000013 0.000013 0.000012 0.000012 0.000012 0.000011 0.000011 0.000011 0.000010 0.000010 0.000010 0.000009 0.000009 0.000008 0.000008 0.000007 0.000007 0.000007 0.000006 0.000006 0.000005 0.000005 0.000004 0.000004 0.000003 0.000003 0.000002 0.000002 0.000001 0.000001 0.000000 0.000000 
0.000000 0.000000 0.000001 0.000001 0.000002 0.000002 0.000002 0.000003 0.000003 0.000003 0.000004 0.000004 0.000004 0.000005 0.000005 0.000005 0.000006 0.000006 0.000006 0.000007 0.000007 0.000007 0.000008 0.000008 0.000008 0.000009 0.000009 0.000009 0.000009 0.000010 0.000010 0.000010 0.000010 0.000010 0.000011 0.000011 0.000011 0.000011 0.000011 0.000011 0.000012 0.000012 0.000012 0.000012 0.000012 0.000012 0.000012 0.000012 0.000012 0.000012 0.000012 0.000012 0.000012 0.000012 0.000012 0.000012 0.000012 0.000012 0.000012 0.000012 0.000012 0.000011 0.000011 0.000011 0.000011 0.000011 0.000011 0.000010 0.000010 0.000010 0.000010 0.000010 0.000009 0.000009 0.000009 0.000009 0.000008 0.000008 0.000008 0.000007 0.000007 0.000007 0.000006 0.000006 0.000006 0.000005 0.000005 0.000005 0.000004 0.000004 0.000004 0.000003 0.000003 0.000003 0.000002 0.000002 0.000002 0.000001 0.000001 0.000000 0.000000 
0.000000 0.000000 0.000001 0.000001 0.000001 0.000001 0.000002 0.000002 0.000002 0.000003 0.000003 0.000003 0.000003 0.000004 0.000004 0.000004 0.000005 0.000005 0.000005 0.000005 0.000006 0.000006 0.000006 0.000006 0.000006 0.000007 0.000007 0.000007 0.000007 0.000007 0.000008 0.000008 0.000008 0.000008 0.000008 0.000008 0.000009 0.000009 0.000009 0.000009 0.000009 0.000009 0.000009 0.000009 0.000009 0.000009 0.000009 0.000009 0.000009 0.000009 0.000009 0.000009 0.000009 0.000009 0.000009 0.000009 0.000009 0.000009 0.000009 0.000009 0.000009 0.000009 0.000009 0.000009 0.000009 0.000008 0.000008 0.000008 0.000008 0.000008 0.000008 0.000007 0.000007 0.000007 0.000007 0.000007 0.000006 0.000006 0.000006 0.000006 0.000006 0.000005 0.000005 0.000005 0.000005 0.000004 0.000004 0.000004 0.000003 0.000003 0.000003 0.000003 0.000002 0.000002 0.000002 0.000001 0.000001 0.000001 0.000001 0.000000 0.000000 
0.000000 0.000000 0.000000 0.000001 0.000001 0.000001 0.000001 0.000002 0.000002 0.000002 0.000002 0.000002 0.000003 0.000003 0.000003 0.000003 0.000004 0.000004 0.000004 0.000004 0.000004 0.000004 0.000005 0.000005 0.000005 0.000005 0.000005 0.000005 0.000006 0.000006 0.000006 0.000006 0.000006 0.000006 0.000006 0.000007 0.000007 0.000007 0.000007 0.000007 0.000007 0.000007 0.000007 0.000007 0.000007 0.000007 0.000007 0.000007 0.000007 0.000007 0.000007 0.000007 0.000007 0.000007 0.000007 0.000007 0.000007 0.000007 0.000007 0.000007 0.000007 0.000007 0.000007 0.000007 0.000007 0.000007 0.000006 0.000006 0.000006 0.000006 0.000006 0.000006 0.000006 0.000005 0.000005 0.000005 0.000005 0.000005 0.000005 0.000004 0.000004 0.000004 0.000004 0.000004 0.000004 0.000003 0.000003 0.000003 0.000003 0.000002 0.000002 0.000002 0.000002 0.000002 0.000001 0.000001 0.000001 0.000001 0.000000 0.000000 0.000000 
0.000000 0.000000 0.000000 0.000001 0.000001 0.000001 0.000001 0.000001 0.000001 0.000002 0.000002 0.000002 0.000002 0.000002 0.000002 0.000003 0.000003 0.000003 0.000003 0.000003 0.000003 0.000003 0.000004 0.000004 0.000004 0.000004 0.000004 0.000004 0.000004 0.000004 0.000005 0.000005 0.000005 0.000005 0.000005 0.000005 0.000005 0.000005 0.000005 0.000005 0.000005 0.000005 0.000006 0.000006 0.000006 0.000006 0.000006 0.000006 0.000006 0.000006 0.000006 0.000006 0.000006 0.000006 0.000006 0.000006 0.000006 0.000006 0.000006 0.000005 0.000005 0.000005 0.000005 0.000005 0.000005 0.000005 0.000005 0.000005 0.000005 0.000005 0.000005 0.000004 0.000004 0.000004 0.000004 0.000004 0.000004 0.000004 0.000004 0.000003 0.000003 0.000003 0.000003 0.000003 0.000003 0.000003 0.000002 0.000002 0.000002 0.000002 0.000002 0.000002 0.000001 0.000001 0.000001 0.000001 0.000001 0.000001 0.000000 0.000000 0.000000 
0.000000 0.000000 0.000000 0.000000 0.000001 0.000001 0.000001 0.000001 0.000001 0.000001 0.000001 0.000001 0.000002 0.000002 0.000002 0.000002 0.000002 0.000002 0.000002 0.000002 0.000003 0.000003 0.000003 0.000003 0.000003 0.000003 0.000003 0.000003 0.000003 0.000003 0.000004 0.000004 0.000004 0.000004 0.000004 0.000004 0.000004 0.000004 0.000004 0.000004 0.000004 0.000004 0.000004 0.000004 0.000004 0.000004 0.000004 0.000004 0.000004 0.000004 0.000004 0.000004 0.000004 0.000004 0.000004 0.000004 0.000004 0.000004 0.000004 0.000004 0.000004 0.000004 0.000004 0.000004 0.000004 0.000004 0.000004 0.000004 0.000004 0.000004 0.000004 0.000003 0.000003 0.000003 0.000003 0.000003 0.000003 0.000003 0.000003 0.000003 0.000003 0.000002 0.000002 0.000002 0.000002 0.000002 0.000002 0.000002 0.000002 0.000001 0.000001 0.000001 0.000001 0.000001 0.000001 0.000001 0.000001 0.000000 0.000000 0.000000 0.000000 
0.000000 0.000000 0.000000 0.000000 0.000000 0.000001 0.000001 0.000001 0.000001 0.000001 0.000001 0.000001 0.000001 0.000001 0.000001 0.000002 0.000002 0.000002 0.000002 0.000002 0.000002 0.000002 0.000002 0.000002 0.000002 0.000002 0.000003 0.000003 0.000003 0.000003 0.000003 0.000003 0.000003 0.000003 0.000003 0.000003 0.000003 0.000003 0.000003 0.000003 0.000003 0.000003 0.000003 0.000003 0.000003 0.000003 0.000003 0.000003 0.000003 0.000003 0.000003 0.000003 0.000003 0.000003 0.000003 0.000003 0.000003 0.000003 0.000003 0.000003 0.000003 0.000003 0.000003 0.000003 0.000003 0.000003 0.000003 0.000003 0.000003 0.000003 0.000003 0.000003 0.000003 0.000003 0.000003 0.000002 0.000002 0.000002 0.000002 0.000002 0.000002 0.000002 0.000002 0.000002 0.000002 0.000002 0.000001 0.000001 0.000001 0.000001 0.000001 0.000001 0.000001 0.000001 0.000001 0.000001 0.000000 0.000000 0.000000 0.000000 0.000000 
0.000000 0.000000 0.000000 0.000000 0.000000 0.000000 0.000001 0.000001 0.000001 0.000001 0.000001 0.000001 0.000001 0.000001 0.000001 0.000001 0.000001 0.000001 0.000001 0.000002 0.000002 0.000002 0.000002 0.000002 0.000002 0.000002 0.000002 0.000002 0.000002 0.000002 0.000002 0.000002 0.000002 0.000002 0.000002 0.000002 0.000002 0.000002 0.000002 0.000003 0.000003 0.000003 0.000003 0.000003 0.000003 0.000003 0.000003 0.000003 0.000003 0.000003 0.000003 0.000003 0.000003 0.000003 0.000003 0.000003 0.000003 0.000003 0.000003 0.000003 0.000003 0.000003 0.000002 0.000002 0.000002 0.000002 0.000002 0.000002 0.000002 0.000002 0.000002 0.000002 0.000002 0.000002 0.000002 0.000002 0.000002 0.000002 0.000002 0.000002 0.000002 0.000002 0.000001 0.000001 0.000001 0.000001 0.000001 0.000001 0.000001 0.000001 0.000001 0.000001 0.000001 0.000001 0.000001 0.000000 0.000000 0.000000 0.000000 0.000000 0.000000 
0.000000 0.000000 0.000000 0.000000 0.000000 0.000000 0.000000 0.000000 0.000001 0.000001 0.000001 0.000001 0.000001 0.000001 0.000001 0.000001 0.000001 0.000001 0.000001 0.000001 0.000001 0.000001 0.000001 0.000001 0.000001 0.000001 0.000002 0.000002 0.000002 0.000002 0.000002 0.000002 0.000002 0.000002 0.000002 0.000002 0.000002 0.000002 0.000002 0.000002 0.000002 0.000002 0.000002 0.000002 0.000002 0.000002 0.000002 0.000002 0.000002 0.000002 0.000002 0.000002 0.000002 0.000002 0.000002 0.000002 0.000002 0.000002 0.000002 0.000002 0.000002 0.000002 0.000002 0.000002 0.000002 0.000002 0.000002 0.000002 0.000002 0.000002 0.000002 0.000002 0.000002 0.000002 0.000002 0.000001 0.000001 0.000001 0.000001 0.000001 0.000001 0.000001 0.000001 0.000001 0.000001 0.000001 0.000001 0.000001 0.000001 0.000001 0.000001 0.000001 0.000001 0.000000 0.000000 0.000000 0.000000 0.000000 0.000000 0.000000 0.000000 
0.000000 0.000000 0.000000 0.000000 0.000000 0.000000 0.000000 0.000000 0.000000 0.000000 0.000000 0.000001 0.000001 0.000001 0.000001 0.000001 0.000001 0.000001 0.000001 0.000001 0.000001 0.000001 0.000001 0.000001 0.000001 0.000001 0.000001 0.000001 0.000001 0.000001 0.000001 0.000001 0.000001 0.000001 0.000001 0.000001 0.000001 0.000001 0.000002 0.000002 0.000002 0.000002 0.000002 0.000002 0.000002 0.000002 0.000002 0.000002 0.000002 0.000002 0.000002 0.000002 0.000002 0.000002 0.000002 0.000002 0.000002 0.000002 0.000002 0.000002 0.000002 0.000002 0.000002 0.000001 0.000001 0.000001 0.000001 0.000001 0.000001 0.000001 0.000001 0.000001 0.000001 0.000001 0.000001 0.000001 0.000001 0.000001 0.000001 0.000001 0.000001 0.000001 0.000001 0.000001 0.000001 0.000001 0.000001 0.000001 0.000001 0.000001 0.000000 0.000000 0.000000 0.000000 0.000000 0.000000 0.000000 0.000000 0.000000 0.000000 0.000000 
0.000000 0.000000 0.000000 0.000000 0.000000 0.000000 0.000000 0.000000 0.000000 0.000000 0.000000 0.000000 0.000000 0.000000 0.000001 0.000001 0.000001 0.000001 0.000001 0.000001 0.000001 0.000001 0.000001 0.000001 0.000001 0.000001 0.000001 0.000001 0.000001 0.000001 0.000001 0.000001 0.000001 0.000001 0.000001 0.000001 0.000001 0.000001 0.000001 0.000001 0.000001 0.000001 0.000001 0.000001 0.000001 0.000001 0.000001 0.000001 0.000001 0.000001 0.000001 0.000001 0.000001 0.000001 0.000001 0.000001 0.000001 0.000001 0.000001 0.000001 0.000001 0.000001 0.000001 0.000001 0.000001 0.000001 0.000001 0.000001 0.000001 0.000001 0.000001 0.000001 0.000001 0.000001 0.000001 0.000001 0.000001 0.000001 0.000001 0.000001 0.000001 0.000001 0.000001 0.000001 0.000001 0.000001 0.000001 0.000000 0.000000 0.000000 0.000000 0.000000 0.000000 0.000000 0.000000 0.000000 0.000000 0.000000 0.000000 0.000000 0.000000 
0.000000 0.000000 0.000000 0.000000 0.000000 0.000000 0.000000 0.000000 0.000000 0.000000 0.000000 0.000000 0.000000 0.000000 0.000000 0.000000 0.000000 0.000000 0.000001 0.000001 0.000001 0.000001 0.000001 0.000001 0.000001 0.000001 0.000001 0.000001 0.000001 0.000001 0.000001 0.000001 0.000001 0.000001 0.000001 0.000001 0.000001 0.000001 0.000001 0.000001 0.000001 0.000001 0.000001 0.000001 0.000001 0.000001 0.000001 0.000001 0.000001 0.000001 0.000001 0.000001 0.000001 0.000001 0.000001 0.000001 0.000001 0.000001 0.000001 0.000001 0.000001 0.000001 0.000001 0.000001 0.000001 0.000001 0.000001 0.000001 0.000001 0.000001 0.000001 0.000001 0.000001 0.000001 0.000001 0.000001 0.000001 0.000001 0.000001 0.000001 0.000001 0.000001 0.000001 0.000000 0.000000 0.000000 0.000000 0.000000 0.000000 0.000000 0.000000 0.000000 0.000000 0.000000 0.000000 0.000000 0.000000 0.000000 0.000000 0.000000 0.000000 
0.000000 0.000000 0.000000 0.000000 0.000000 0.000000 0.000000 0.000000 0.000000 0.000000 0.000000 0.000000 0.000000 0.000000 0.000000 0.000000 0.000000 0.000000 0.000000 0.000000 0.000000 0.000000 0.000000 0.000001 0.000001 0.000001 0.000001 0.000001 0.000001 0.000001 0.000001 0.000001 0.000001 0.000001 0.000001 0.000001 0.000001 0.000001 0.000001 0.000001 0.000001 0.000001 0.000001 0.000001 0.000001 0.000001 0.000001 0.000001 0.000001 0.000001 0.000001 0.000001 0.000001 0.000001 0.000001 0.000001 0.000001 0.000001 0.000001 0.000001 0.000001 0.000001 0.000001 0.000001 0.000001 0.000001 0.000001 0.000001 0.000001 0.000001 0.000001 0.000001 0.000001 0.000001 0.000001 0.000001 0.000001 0.000001 0.000000 0.000000 0.000000 0.000000 0.000000 0.000000 0.000000 0.000000 0.000000 0.000000 0.000000 0.000000 0.000000 0.000000 0.000000 0.000000 0.000000 0.000000 0.000000 0.000000 0.000000 0.000000 0.000000 
0.000000 0.000000 0.000000 0.000000 0.000000 0.000000 0.000000 0.000000 0.000000 0.000000 0.000000 0.000000 0.000000 0.000000 0.000000 0.000000 0.000000 0.000000 0.000000 0.000000 0.000000 0.000000 0.000000 0.000000 0.000000 0.000000 0.000000 0.000000 0.000000 0.000000 0.000000 0.000000 0.000000 0.000001 0.000001 0.000001 0.000001 0.000001 0.000001 0.000001 0.000001 0.000001 0.000001 0.000001 0.000001 0.000001 0.000001 0.000001 0.000001 0.000001 0.000001 0.000001 0.000001 0.000001 0.000001 0.000001 0.000001 0.000001 0.000001 0.000001 0.000001 0.000001 0.000001 0.000001 0.000001 0.000001 0.000001 0.000001 0.000000 0.000000 0.000000 0.000000 0.000000 0.000000 0.000000 0.000000 0.000000 0.000000 0.000000 0.000000 0.000000 0.000000 0.000000 0.000000 0.000000 0.000000 0.000000 0.000000 0.000000 0.000000 0.000000 0.000000 0.000000 0.000000 0.000000 0.000000 0.000000 0.000000 0.000000 0.000000 0.000000 
0.000000 0.000000 0.000000 0.000000 0.000000 0.000000 0.000000 0.000000 0.000000 0.000000 0.000000 0.000000 0.000000 0.000000 0.000000 0.000000 0.000000 0.000000 0.000000 0.000000 0.000000 0.000000 0.000000 0.000000 0.000000 0.000000 0.000000 0.000000 0.000000 0.000000 0.000000 0.000000 0.000000 0.000000 0.000000 0.000000 0.000000 0.000000 0.000000 0.000000 0.000000 0.000000 0.000000 0.000000 0.000000 0.000000 0.000000 0.000000 0.000000 0.000000 0.000000 0.000000 0.000000 0.000000 0.000000 0.000000 0.000000 0.000000 0.000000 0.000000 0.000000 0.000000 0.000000 0.000000 0.000000 0.000000 0.000000 0.000000 0.000000 0.000000 0.000000 0.000000 0.000000 0.000000 0.000000 0.000000 0.000000 0.000000 0.000000 0.000000 0.000000 0.000000 0.000000 0.000000 0.000000 0.000000 0.000000 0.000000 0.000000 0.000000 0.000000 0.000000 0.000000 0.000000 0.000000 0.000000 0.000000 0.000000 0.000000 0.000000 0.000000 
0.000000 0.000000 0.000000 0.000000 0.000000 0.000000 0.000000 0.000000 0.000000 0.000000 0.000000 0.000000 0.000000 0.000000 0.000000 0.000000 0.000000 0.000000 0.000000 0.000000 0.000000 0.000000 0.000000 0.000000 0.000000 0.000000 0.000000 0.000000 0.000000 0.000000 0.000000 0.000000 0.000000 0.000000 0.000000 0.000000 0.000000 0.000000 0.000000 0.000000 0.000000 0.000000 0.000000 0.000000 0.000000 0.000000 0.000000 0.000000 0.000000 0.000000 0.000000 0.000000 0.000000 0.000000 0.000000 0.000000 0.000000 0.000000 0.000000 0.000000 0.000000 0.000000 0.000000 0.000000 0.000000 0.000000 0.000000 0.000000 0.000000 0.000000 0.000000 0.000000 0.000000 0.000000 0.000000 0.000000 0.000000 0.000000 0.000000 0.000000 0.000000 0.000000 0.000000 0.000000 0.000000 0.000000 0.000000 0.000000 0.000000 0.000000 0.000000 0.000000 0.000000 0.000000 0.000000 0.000000 0.000000 0.000000 0.000000 0.000000 0.000000 
0.000000 0.000000 0.000000 0.000000 0.000000 0.000000 0.000000 0.000000 0.000000 0.000000 0.000000 0.000000 0.000000 0.000000 0.000000 0.000000 0.000000 0.000000 0.000000 0.000000 0.000000 0.000000 0.000000 0.000000 0.000000 0.000000 0.000000 0.000000 0.000000 0.000000 0.000000 0.000000 0.000000 0.000000 0.000000 0.000000 0.000000 0.000000 0.000000 0.000000 0.000000 0.000000 0.000000 0.000000 0.000000 0.000000 0.000000 0.000000 0.000000 0.000000 0.000000 0.000000 0.000000 0.000000 0.000000 0.000000 0.000000 0.000000 0.000000 0.000000 0.000000 0.000000 0.000000 0.000000 0.000000 0.000000 0.000000 0.000000 0.000000 0.000000 0.000000 0.000000 0.000000 0.000000 0.000000 0.000000 0.000000 0.000000 0.000000 0.000000 0.000000 0.000000 0.000000 0.000000 0.000000 0.000000 0.000000 0.000000 0.000000 0.000000 0.000000 0.000000 0.000000 0.000000 0.000000 0.000000 0.000000 0.000000 0.000000 0.000000 0.000000 
0.000000 0.000000 0.000000 0.000000 0.000000 0.000000 0.000000 0.000000 0.000000 0.000000 0.000000 0.000000 0.000000 0.000000 0.000000 0.000000 0.000000 0.000000 0.000000 0.000000 0.000000 0.000000 0.000000 0.000000 0.000000 0.000000 0.000000 0.000000 0.000000 0.000000 0.000000 0.000000 0.000000 0.000000 0.000000 0.000000 0.000000 0.000000 0.000000 0.000000 0.000000 0.000000 0.000000 0.000000 0.000000 0.000000 0.000000 0.000000 0.000000 0.000000 0.000000 0.000000 0.000000 0.000000 0.000000 0.000000 0.000000 0.000000 0.000000 0.000000 0.000000 0.000000 0.000000 0.000000 0.000000 0.000000 0.000000 0.000000 0.000000 0.000000 0.000000 0.000000 0.000000 0.000000 0.000000 0.000000 0.000000 0.000000 0.000000 0.000000 0.000000 0.000000 0.000000 0.000000 0.000000 0.000000 0.000000 0.000000 0.000000 0.000000 0.000000 0.000000 0.000000 0.000000 0.000000 0.000000 0.000000 0.000000 0.000000 0.000000 0.000000 
0.000000 0.000000 0.000000 0.000000 0.000000 0.000000 0.000000 0.000000 0.000000 0.000000 0.000000 0.000000 0.000000 0.000000 0.000000 0.000000 0.000000 0.000000 0.000000 0.000000 0.000000 0.000000 0.000000 0.000000 0.000000 0.000000 0.000000 0.000000 0.000000 0.000000 0.000000 0.000000 0.000000 0.000000 0.000000 0.000000 0.000000 0.000000 0.000000 0.000000 0.000000 0.000000 0.000000 0.000000 0.000000 0.000000 0.000000 0.000000 0.000000 0.000000 0.000000 0.000000 0.000000 0.000000 0.000000 0.000000 0.000000 0.000000 0.000000 0.000000 0.000000 0.000000 0.000000 0.000000 0.000000 0.000000 0.000000 0.000000 0.000000 0.000000 0.000000 0.000000 0.000000 0.000000 0.000000 0.000000 0.000000 0.000000 0.000000 0.000000 0.000000 0.000000 0.000000 0.000000 0.000000 0.000000 0.000000 0.000000 0.000000 0.000000 0.000000 0.000000 0.000000 0.000000 0.000000 0.000000 0.000000 0.000000 0.000000 0.000000 0.000000 
0.000000 0.000000 0.000000 0.000000 0.000000 0.000000 0.000000 0.000000 0.000000 0.000000 0.000000 0.000000 0.000000 0.000000 0.000000 0.000000 0.000000 0.000000 0.000000 0.000000 0.000000 0.000000 0.000000 0.000000 0.000000 0.000000 0.000000 0.000000 0.000000 0.000000 0.000000 0.000000 0.000000 0.000000 0.000000 0.000000 0.000000 0.000000 0.000000 0.000000 0.000000 0.000000 0.000000 0.000000 0.000000 0.000000 0.000000 0.000000 0.000000 0.000000 0.000000 0.000000 0.000000 0.000000 0.000000 0.000000 0.000000 0.000000 0.000000 0.000000 0.000000 0.000000 0.000000 0.000000 0.000000 0.000000 0.000000 0.000000 0.000000 0.000000 0.000000 0.000000 0.000000 0.000000 0.000000 0.000000 0.000000 0.000000 0.000000 0.000000 0.000000 0.000000 0.000000 0.000000 0.000000 0.000000 0.000000 0.000000 0.000000 0.000000 0.000000 0.000000 0.000000 0.000000 0.000000 0.000000 0.000000 0.000000 0.000000 0.000000 0.000000 
0.000000 0.000000 0.000000 0.000000 0.000000 0.000000 0.000000 0.000000 0.000000 0.000000 0.000000 0.000000 0.000000 0.000000 0.000000 0.000000 0.000000 0.000000 0.000000 0.000000 0.000000 0.000000 0.000000 0.000000 0.000000 0.000000 0.000000 0.000000 0.000000 0.000000 0.000000 0.000000 0.000000 0.000000 0.000000 0.000000 0.000000 0.000000 0.000000 0.000000 0.000000 0.000000 0.000000 0.000000 0.000000 0.000000 0.000000 0.000000 0.000000 0.000000 0.000000 0.000000 0.000000 0.000000 0.000000 0.000000 0.000000 0.000000 0.000000 0.000000 0.000000 0.000000 0.000000 0.000000 0.000000 0.000000 0.000000 0.000000 0.000000 0.000000 0.000000 0.000000 0.000000 0.000000 0.000000 0.000000 0.000000 0.000000 0.000000 0.000000 0.000000 0.000000 0.000000 0.000000 0.000000 0.000000 0.000000 0.000000 0.000000 0.000000 0.000000 0.000000 0.000000 0.000000 0.000000 0.000000 0.000000 0.000000 0.000000 0.000000 0.000000 
0.000000 0.000000 0.000000 0.000000 0.000000 0.000000 0.000000 0.000000 0.000000 0.000000 0.000000 0.000000 0.000000 0.000000 0.000000 0.000000 0.000000 0.000000 0.000000 0.000000 0.000000 0.000000 0.000000 0.000000 0.000000 0.000000 0.000000 0.000000 0.000000 0.000000 0.000000 0.000000 0.000000 0.000000 0.000000 0.000000 0.000000 0.000000 0.000000 0.000000 0.000000 0.000000 0.000000 0.000000 0.000000 0.000000 0.000000 0.000000 0.000000 0.000000 0.000000 0.000000 0.000000 0.000000 0.000000 0.000000 0.000000 0.000000 0.000000 0.000000 0.000000 0.000000 0.000000 0.000000 0.000000 0.000000 0.000000 0.000000 0.000000 0.000000 0.000000 0.000000 0.000000 0.000000 0.000000 0.000000 0.000000 0.000000 0.000000 0.000000 0.000000 0.000000 0.000000 0.000000 0.000000 0.000000 0.000000 0.000000 0.000000 0.000000 0.000000 0.000000 0.000000 0.000000 0.000000 0.000000 0.000000 0.000000 0.000000 0.000000 0.000000 
0.000000 0.000000 0.000000 0.000000 0.000000 0.000000 0.000000 0.000000 0.000000 0.000000 0.000000 0.000000 0.000000 0.000000 0.000000 0.000000 0.000000 0.000000 0.000000 0.000000 0.000000 0.000000 0.000000 0.000000 0.000000 0.000000 0.000000 0.000000 0.000000 0.000000 0.000000 0.000000 0.000000 0.000000 0.000000 0.000000 0.000000 0.000000 0.000000 0.000000 0.000000 0.000000 0.000000 0.000000 0.000000 0.000000 0.000000 0.000000 0.000000 0.000000 0.000000 0.000000 0.000000 0.000000 0.000000 0.000000 0.000000 0.000000 0.000000 0.000000 0.000000 0.000000 0.000000 0.000000 0.000000 0.000000 0.000000 0.000000 0.000000 0.000000 0.000000 0.000000 0.000000 0.000000 0.000000 0.000000 0.000000 0.000000 0.000000 0.000000 0.000000 0.000000 0.000000 0.000000 0.000000 0.000000 0.000000 0.000000 0.000000 0.000000 0.000000 0.000000 0.000000 0.000000 0.000000 0.000000 0.000000 0.000000 0.000000 0.000000 0.000000 
0.000000 0.000000 0.000000 0.000000 0.000000 0.000000 0.000000 0.000000 0.000000 0.000000 0.000000 0.000000 0.000000 0.000000 0.000000 0.000000 0.000000 0.000000 0.000000 0.000000 0.000000 0.000000 0.000000 0.000000 0.000000 0.000000 0.000000 0.000000 0.000000 0.000000 0.000000 0.000000 0.000000 0.000000 0.000000 0.000000 0.000000 0.000000 0.000000 0.000000 0.000000 0.000000 0.000000 0.000000 0.000000 0.000000 0.000000 0.000000 0.000000 0.000000 0.000000 0.000000 0.000000 0.000000 0.000000 0.000000 0.000000 0.000000 0.000000 0.000000 0.000000 0.000000 0.000000 0.000000 0.000000 0.000000 0.000000 0.000000 0.000000 0.000000 0.000000 0.000000 0.000000 0.000000 0.000000 0.000000 0.000000 0.000000 0.000000 0.000000 0.000000 0.000000 0.000000 0.000000 0.000000 0.000000 0.000000 0.000000 0.000000 0.000000 0.000000 0.000000 0.000000 0.000000 0.000000 0.000000 0.000000 0.000000 0.000000 0.000000 0.000000 
0.000000 0.000000 0.000000 0.000000 0.000000 0.000000 0.000000 0.000000 0.000000 0.000000 0.000000 0.000000 0.000000 0.000000 0.000000 0.000000 0.000000 0.000000 0.000000 0.000000 0.000000 0.000000 0.000000 0.000000 0.000000 0.000000 0.000000 0.000000 0.000000 0.000000 0.000000 0.000000 0.000000 0.000000 0.000000 0.000000 0.000000 0.000000 0.000000 0.000000 0.000000 0.000000 0.000000 0.000000 0.000000 0.000000 0.000000 0.000000 0.000000 0.000000 0.000000 0.000000 0.000000 0.000000 0.000000 0.000000 0.000000 0.000000 0.000000 0.000000 0.000000 0.000000 0.000000 0.000000 0.000000 0.000000 0.000000 0.000000 0.000000 0.000000 0.000000 0.000000 0.000000 0.000000 0.000000 0.000000 0.000000 0.000000 0.000000 0.000000 0.000000 0.000000 0.000000 0.000000 0.000000 0.000000 0.000000 0.000000 0.000000 0.000000 0.000000 0.000000 0.000000 0.000000 0.000000 0.000000 0.000000 0.000000 0.000000 0.000000 0.000000 
0.000000 0.000000 0.000000 0.000000 0.000000 0.000000 0.000000 0.000000 0.000000 0.000000 0.000000 0.000000 0.000000 0.000000 0.000000 0.000000 0.000000 0.000000 0.000000 0.000000 0.000000 0.000000 0.000000 0.000000 0.000000 0.000000 0.000000 0.000000 0.000000 0.000000 0.000000 0.000000 0.000000 0.000000 0.000000 0.000000 0.000000 0.000000 0.000000 0.000000 0.000000 0.000000 0.000000 0.000000 0.000000 0.000000 0.000000 0.000000 0.000000 0.000000 0.000000 0.000000 0.000000 0.000000 0.000000 0.000000 0.000000 0.000000 0.000000 0.000000 0.000000 0.000000 0.000000 0.000000 0.000000 0.000000 0.000000 0.000000 0.000000 0.000000 0.000000 0.000000 0.000000 0.000000 0.000000 0.000000 0.000000 0.000000 0.000000 0.000000 0.000000 0.000000 0.000000 0.000000 0.000000 0.000000 0.000000 0.000000 0.000000 0.000000 0.000000 0.000000 0.000000 0.000000 0.000000 0.000000 0.000000 0.000000 0.000000 0.000000 0.000000 
0.000000 0.000000 0.000000 0.000000 0.000000 0.000000 0.000000 0.000000 0.000000 0.000000 0.000000 0.000000 0.000000 0.000000 0.000000 0.000000 0.000000 0.000000 0.000000 0.000000 0.000000 0.000000 0.000000 0.000000 0.000000 0.000000 0.000000 0.000000 0.000000 0.000000 0.000000 0.000000 0.000000 0.000000 0.000000 0.000000 0.000000 0.000000 0.000000 0.000000 0.000000 0.000000 0.000000 0.000000 0.000000 0.000000 0.000000 0.000000 0.000000 0.000000 0.000000 0.000000 0.000000 0.000000 0.000000 0.000000 0.000000 0.000000 0.000000 0.000000 0.000000 0.000000 0.000000 0.000000 0.000000 0.000000 0.000000 0.000000 0.000000 0.000000 0.000000 0.000000 0.000000 0.000000 0.000000 0.000000 0.000000 0.000000 0.000000 0.000000 0.000000 0.000000 0.000000 0.000000 0.000000 0.000000 0.000000 0.000000 0.000000 0.000000 0.000000 0.000000 0.000000 0.000000 0.000000 0.000000 0.000000 0.000000 0.000000 0.000000 0.000000 
0.000000 0.000000 0.000000 0.000000 0.000000 0.000000 0.000000 0.000000 0.000000 0.000000 0.000000 0.000000 0.000000 0.000000 0.000000 0.000000 0.000000 0.000000 0.000000 0.000000 0.000000 0.000000 0.000000 0.000000 0.000000 0.000000 0.000000 0.000000 0.000000 0.000000 0.000000 0.000000 0.000000 0.000000 0.000000 0.000000 0.000000 0.000000 0.000000 0.000000 0.000000 0.000000 0.000000 0.000000 0.000000 0.000000 0.000000 0.000000 0.000000 0.000000 0.000000 0.000000 0.000000 0.000000 0.000000 0.000000 0.000000 0.000000 0.000000 0.000000 0.000000 0.000000 0.000000 0.000000 0.000000 0.000000 0.000000 0.000000 0.000000 0.000000 0.000000 0.000000 0.000000 0.000000 0.000000 0.000000 0.000000 0.000000 0.000000 0.000000 0.000000 0.000000 0.000000 0.000000 0.000000 0.000000 0.000000 0.000000 0.000000 0.000000 0.000000 0.000000 0.000000 0.000000 0.000000 0.000000 0.000000 0.000000 0.000000 0.000000 0.000000 
0.000000 0.000000 0.000000 0.000000 0.000000 0.000000 0.000000 0.000000 0.000000 0.000000 0.000000 0.000000 0.000000 0.000000 0.000000 0.000000 0.000000 0.000000 0.000000 0.000000 0.000000 0.000000 0.000000 0.000000 0.000000 0.000000 0.000000 0.000000 0.000000 0.000000 0.000000 0.000000 0.000000 0.000000 0.000000 0.000000 0.000000 0.000000 0.000000 0.000000 0.000000 0.000000 0.000000 0.000000 0.000000 0.000000 0.000000 0.000000 0.000000 0.000000 0.000000 0.000000 0.000000 0.000000 0.000000 0.000000 0.000000 0.000000 0.000000 0.000000 0.000000 0.000000 0.000000 0.000000 0.000000 0.000000 0.000000 0.000000 0.000000 0.000000 0.000000 0.000000 0.000000 0.000000 0.000000 0.000000 0.000000 0.000000 0.000000 0.000000 0.000000 0.000000 0.000000 0.000000 0.000000 0.000000 0.000000 0.000000 0.000000 0.000000 0.000000 0.000000 0.000000 0.000000 0.000000 0.000000 0.000000 0.000000 0.000000 0.000000 0.000000 
0.000000 0.000000 0.000000 0.000000 0.000000 0.000000 0.000000 0.000000 0.000000 0.000000 0.000000 0.000000 0.000000 0.000000 0.000000 0.000000 0.000000 0.000000 0.000000 0.000000 0.000000 0.000000 0.000000 0.000000 0.000000 0.000000 0.000000 0.000000 0.000000 0.000000 0.000000 0.000000 0.000000 0.000000 0.000000 0.000000 0.000000 0.000000 0.000000 0.000000 0.000000 0.000000 0.000000 0.000000 0.000000 0.000000 0.000000 0.000000 0.000000 0.000000 0.000000 0.000000 0.000000 0.000000 0.000000 0.000000 0.000000 0.000000 0.000000 0.000000 0.000000 0.000000 0.000000 0.000000 0.000000 0.000000 0.000000 0.000000 0.000000 0.000000 0.000000 0.000000 0.000000 0.000000 0.000000 0.000000 0.000000 0.000000 0.000000 0.000000 0.000000 0.000000 0.000000 0.000000 0.000000 0.000000 0.000000 0.000000 0.000000 0.000000 0.000000 0.000000 0.000000 0.000000 0.000000 0.000000 0.000000 0.000000 0.000000 0.000000 0.000000 
0.000000 0.000000 0.000000 0.000000 0.000000 0.000000 0.000000 0.000000 0.000000 0.000000 0.000000 0.000000 0.000000 0.000000 0.000000 0.000000 0.000000 0.000000 0.000000 0.000000 0.000000 0.000000 0.000000 0.000000 0.000000 0.000000 0.000000 0.000000 0.000000 0.000000 0.000000 0.000000 0.000000 0.000000 0.000000 0.000000 0.000000 0.000000 0.000000 0.000000 0.000000 0.000000 0.000000 0.000000 0.000000 0.000000 0.000000 0.000000 0.000000 0.000000 0.000000 0.000000 0.000000 0.000000 0.000000 0.000000 0.000000 0.000000 0.000000 0.000000 0.000000 0.000000 0.000000 0.000000 0.000000 0.000000 0.000000 0.000000 0.000000 0.000000 0.000000 0.000000 0.000000 0.000000 0.000000 0.000000 0.000000 0.000000 0.000000 0.000000 0.000000 0.000000 0.000000 0.000000 0.000000 0.000000 0.000000 0.000000 0.000000 0.000000 0.000000 0.000000 0.000000 0.000000 0.000000 0.000000 0.000000 0.000000 0.000000 0.000000 0.000000 
0.000000 0.000000 0.000000 0.000000 0.000000 0.000000 0.000000 0.000000 0.000000 0.000000 0.000000 0.000000 0.000000 0.000000 0.000000 0.000000 0.000000 0.000000 0.000000 0.000000 0.000000 0.000000 0.000000 0.000000 0.000000 0.000000 0.000000 0.000000 0.000000 0.000000 0.000000 0.000000 0.000000 0.000000 0.000000 0.000000 0.000000 0.000000 0.000000 0.000000 0.000000 0.000000 0.000000 0.000000 0.000000 0.000000 0.000000 0.000000 0.000000 0.000000 0.000000 0.000000 0.000000 0.000000 0.000000 0.000000 0.000000 0.000000 0.000000 0.000000 0.000000 0.000000 0.000000 0.000000 0.000000 0.000000 0.000000 0.000000 0.000000 0.000000 0.000000 0.000000 0.000000 0.000000 0.000000 0.000000 0.000000 0.000000 0.000000 0.000000 0.000000 0.000000 0.000000 0.000000 0.000000 0.000000 0.000000 0.000000 0.000000 0.000000 0.000000 0.000000 0.000000 0.000000 0.000000 0.000000 0.000000 0.000000 0.000000 0.000000 0.000000 
0.000000 0.000000 0.000000 0.000000 0.000000 0.000000 0.000000 0.000000 0.000000 0.000000 0.000000 0.000000 0.000000 0.000000 0.000000 0.000000 0.000000 0.000000 0.000000 0.000000 0.000000 0.000000 0.000000 0.000000 0.000000 0.000000 0.000000 0.000000 0.000000 0.000000 0.000000 0.000000 0.000000 0.000000 0.000000 0.000000 0.000000 0.000000 0.000000 0.000000 0.000000 0.000000 0.000000 0.000000 0.000000 0.000000 0.000000 0.000000 0.000000 0.000000 0.000000 0.000000 0.000000 0.000000 0.000000 0.000000 0.000000 0.000000 0.000000 0.000000 0.000000 0.000000 0.000000 0.000000 0.000000 0.000000 0.000000 0.000000 0.000000 0.000000 0.000000 0.000000 0.000000 0.000000 0.000000 0.000000 0.000000 0.000000 0.000000 0.000000 0.000000 0.000000 0.000000 0.000000 0.000000 0.000000 0.000000 0.000000 0.000000 0.000000 0.000000 0.000000 0.000000 0.000000 0.000000 0.000000 0.000000 0.000000 0.000000 0.000000 0.000000 
0.000000 0.000000 0.000000 0.000000 0.000000 0.000000 0.000000 0.000000 0.000000 0.000000 0.000000 0.000000 0.000000 0.000000 0.000000 0.000000 0.000000 0.000000 0.000000 0.000000 0.000000 0.000000 0.000000 0.000000 0.000000 0.000000 0.000000 0.000000 0.000000 0.000000 0.000000 0.000000 0.000000 0.000000 0.000000 0.000000 0.000000 0.000000 0.000000 0.000000 0.000000 0.000000 0.000000 0.000000 0.000000 0.000000 0.000000 0.000000 0.000000 0.000000 0.000000 0.000000 0.000000 0.000000 0.000000 0.000000 0.000000 0.000000 0.000000 0.000000 0.000000 0.000000 0.000000 0.000000 0.000000 0.000000 0.000000 0.000000 0.000000 0.000000 0.000000 0.000000 0.000000 0.000000 0.000000 0.000000 0.000000 0.000000 0.000000 0.000000 0.000000 0.000000 0.000000 0.000000 0.000000 0.000000 0.000000 0.000000 0.000000 0.000000 0.000000 0.000000 0.000000 0.000000 0.000000 0.000000 0.000000 0.000000 0.000000 0.000000 0.000000 
0.000000 0.000000 0.000000 0.000000 0.000000 0.000000 0.000000 0.000000 0.000000 0.000000 0.000000 0.000000 0.000000 0.000000 0.000000 0.000000 0.000000 0.000000 0.000000 0.000000 0.000000 0.000000 0.000000 0.000000 0.000000 0.000000 0.000000 0.000000 0.000000 0.000000 0.000000 0.000000 0.000000 0.000000 0.000000 0.000000 0.000000 0.000000 0.000000 0.000000 0.000000 0.000000 0.000000 0.000000 0.000000 0.000000 0.000000 0.000000 0.000000 0.000000 0.000000 0.000000 0.000000 0.000000 0.000000 0.000000 0.000000 0.000000 0.000000 0.000000 0.000000 0.000000 0.000000 0.000000 0.000000 0.000000 0.000000 0.000000 0.000000 0.000000 0.000000 0.000000 0.000000 0.000000 0.000000 0.000000 0.000000 0.000000 0.000000 0.000000 0.000000 0.000000 0.000000 0.000000 0.000000 0.000000 0.000000 0.000000 0.000000 0.000000 0.000000 0.000000 0.000000 0.000000 0.000000 0.000000 0.000000 0.000000 0.000000 0.000000 0.000000 
0.000000 0.000000 0.000000 0.000000 0.000000 0.000000 0.000000 0.000000 0.000000 0.000000 0.000000 0.000000 0.000000 0.000000 0.000000 0.000000 0.000000 0.000000 0.000000 0.000000 0.000000 0.000000 0.000000 0.000000 0.000000 0.000000 0.000000 0.000000 0.000000 0.000000 0.000000 0.000000 0.000000 0.000000 0.000000 0.000000 0.000000 0.000000 0.000000 0.000000 0.000000 0.000000 0.000000 0.000000 0.000000 0.000000 0.000000 0.000000 0.000000 0.000000 0.000000 0.000000 0.000000 0.000000 0.000000 0.000000 0.000000 0.000000 0.000000 0.000000 0.000000 0.000000 0.000000 0.000000 0.000000 0.000000 0.000000 0.000000 0.000000 0.000000 0.000000 0.000000 0.000000 0.000000 0.000000 0.000000 0.000000 0.000000 0.000000 0.000000 0.000000 0.000000 0.000000 0.000000 0.000000 0.000000 0.000000 0.000000 0.000000 0.000000 0.000000 0.000000 0.000000 0.000000 0.000000 0.000000 0.000000 0.000000 0.000000 0.000000 0.000000 
0.000000 0.000000 0.000000 0.000000 0.000000 0.000000 0.000000 0.000000 0.000000 0.000000 0.000000 0.000000 0.000000 0.000000 0.000000 0.000000 0.000000 0.000000 0.000000 0.000000 0.000000 0.000000 0.000000 0.000000 0.000000 0.000000 0.000000 0.000000 0.000000 0.000000 0.000000 0.000000 0.000000 0.000000 0.000000 0.000000 0.000000 0.000000 0.000000 0.000000 0.000000 0.000000 0.000000 0.000000 0.000000 0.000000 0.000000 0.000000 0.000000 0.000000 0.000000 0.000000 0.000000 0.000000 0.000000 0.000000 0.000000 0.000000 0.000000 0.000000 0.000000 0.000000 0.000000 0.000000 0.000000 0.000000 0.000000 0.000000 0.000000 0.000000 0.000000 0.000000 0.000000 0.000000 0.000000 0.000000 0.000000 0.000000 0.000000 0.000000 0.000000 0.000000 0.000000 0.000000 0.000000 0.000000 0.000000 0.000000 0.000000 0.000000 0.000000 0.000000 0.000000 0.000000 0.000000 0.000000 0.000000 0.000000 0.000000 0.000000 0.000000 
0.000000 0.000000 0.000000 0.000000 0.000000 0.000000 0.000000 0.000000 0.000000 0.000000 0.000000 0.000000 0.000000 0.000000 0.000000 0.000000 0.000000 0.000000 0.000000 0.000000 0.000000 0.000000 0.000000 0.000000 0.000000 0.000000 0.000000 0.000000 0.000000 0.000000 0.000000 0.000000 0.000000 0.000000 0.000000 0.000000 0.000000 0.000000 0.000000 0.000000 0.000000 0.000000 0.000000 0.000000 0.000000 0.000000 0.000000 0.000000 0.000000 0.000000 0.000000 0.000000 0.000000 0.000000 0.000000 0.000000 0.000000 0.000000 0.000000 0.000000 0.000000 0.000000 0.000000 0.000000 0.000000 0.000000 0.000000 0.000000 0.000000 0.000000 0.000000 0.000000 0.000000 0.000000 0.000000 0.000000 0.000000 0.000000 0.000000 0.000000 0.000000 0.000000 0.000000 0.000000 0.000000 0.000000 0.000000 0.000000 0.000000 0.000000 0.000000 0.000000 0.000000 0.000000 0.000000 0.000000 0.000000 0.000000 0.000000 0.000000 0.000000 
0.000000 0.000000 0.000000 0.000000 0.000000 0.000000 0.000000 0.000000 0.000000 0.000000 0.000000 0.000000 0.000000 0.000000 0.000000 0.000000 0.000000 0.000000 0.000000 0.000000 0.000000 0.000000 0.000000 0.000000 0.000000 0.000000 0.000000 0.000000 0.000000 0.000000 0.000000 0.000000 0.000000 0.000000 0.000000 0.000000 0.000000 0.000000 0.000000 0.000000 0.000000 0.000000 0.000000 0.000000 0.000000 0.000000 0.000000 0.000000 0.000000 0.000000 0.000000 0.000000 0.000000 0.000000 0.000000 0.000000 0.000000 0.000000 0.000000 0.000000 0.000000 0.000000 0.000000 0.000000 0.000000 0.000000 0.000000 0.000000 0.000000 0.000000 0.000000 0.000000 0.000000 0.000000 0.000000 0.000000 0.000000 0.000000 0.000000 0.000000 0.000000 0.000000 0.000000 0.000000 0.000000 0.000000 0.000000 0.000000 0.000000 0.000000 0.000000 0.000000 0.000000 0.000000 0.000000 0.000000 0.000000 0.000000 0.000000 0.000000 0.000000 
0.000000 0.000000 0.000000 0.000000 0.000000 0.000000 0.000000 0.000000 0.000000 0.000000 0.000000 0.000000 0.000000 0.000000 0.000000 0.000000 0.000000 0.000000 0.000000 0.000000 0.000000 0.000000 0.000000 0.000000 0.000000 0.000000 0.000000 0.000000 0.000000 0.000000 0.000000 0.000000 0.000000 0.000000 0.000000 0.000000 0.000000 0.000000 0.000000 0.000000 0.000000 0.000000 0.000000 0.000000 0.000000 0.000000 0.000000 0.000000 0.000000 0.000000 0.000000 0.000000 0.000000 0.000000 0.000000 0.000000 0.000000 0.000000 0.000000 0.000000 0.000000 0.000000 0.000000 0.000000 0.000000 0.000000 0.000000 0.000000 0.000000 0.000000 0.000000 0.000000 0.000000 0.000000 0.000000 0.000000 0.000000 0.000000 0.000000 0.000000 0.000000 0.000000 0.000000 0.000000 0.000000 0.000000 0.000000 0.000000 0.000000 0.000000 0.000000 0.000000 0.000000 0.000000 0.000000 0.000000 0.000000 0.000000 0.000000 0.000000 0.000000 
0.000000 0.000000 0.000000 0.000000 0.000000 0.000000 0.000000 0.000000 0.000000 0.000000 0.000000 0.000000 0.000000 0.000000 0.000000 0.000000 0.000000 0.000000 0.000000 0.000000 0.000000 0.000000 0.000000 0.000000 0.000000 0.000000 0.000000 0.000000 0.000000 0.000000 0.000000 0.000000 0.000000 0.000000 0.000000 0.000000 0.000000 0.000000 0.000000 0.000000 0.000000 0.000000 0.000000 0.000000 0.000000 0.000000 0.000000 0.000000 0.000000 0.000000 0.000000 0.000000 0.000000 0.000000 0.000000 0.000000 0.000000 0.000000 0.000000 0.000000 0.000000 0.000000 0.000000 0.000000 0.000000 0.000000 0.000000 0.000000 0.000000 0.000000 0.000000 0.000000 0.000000 0.000000 0.000000 0.000000 0.000000 0.000000 0.000000 0.000000 0.000000 0.000000 0.000000 0.000000 0.000000 0.000000 0.000000 0.000000 0.000000 0.000000 0.000000 0.000000 0.000000 0.000000 0.000000 0.000000 0.000000 0.000000 0.000000 0.000000 0.000000 
0.000000 0.000000 0.000000 0.000000 0.000000 0.000000 0.000000 0.000000 0.000000 0.000000 0.000000 0.000000 0.000000 0.000000 0.000000 0.000000 0.000000 0.000000 0.000000 0.000000 0.000000 0.000000 0.000000 0.000000 0.000000 0.000000 0.000000 0.000000 0.000000 0.000000 0.000000 0.000000 0.000000 0.000000 0.000000 0.000000 0.000000 0.000000 0.000000 0.000000 0.000000 0.000000 0.000000 0.000000 0.000000 0.000000 0.000000 0.000000 0.000000 0.000000 0.000000 0.000000 0.000000 0.000000 0.000000 0.000000 0.000000 0.000000 0.000000 0.000000 0.000000 0.000000 0.000000 0.000000 0.000000 0.000000 0.000000 0.000000 0.000000 0.000000 0.000000 0.000000 0.000000 0.000000 0.000000 0.000000 0.000000 0.000000 0.000000 0.000000 0.000000 0.000000 0.000000 0.000000 0.000000 0.000000 0.000000 0.000000 0.000000 0.000000 0.000000 0.000000 0.000000 0.000000 0.000000 0.000000 0.000000 0.000000 0.000000 0.000000 0.000000 
0.000000 0.000000 0.000000 0.000000 0.000000 0.000000 0.000000 0.000000 0.000000 0.000000 0.000000 0.000000 0.000000 0.000000 0.000000 0.000000 0.000000 0.000000 0.000000 0.000000 0.000000 0.000000 0.000000 0.000000 0.000000 0.000000 0.000000 0.000000 0.000000 0.000000 0.000000 0.000000 0.000000 0.000000 0.000000 0.000000 0.000000 0.000000 0.000000 0.000000 0.000000 0.000000 0.000000 0.000000 0.000000 0.000000 0.000000 0.000000 0.000000 0.000000 0.000000 0.000000 0.000000 0.000000 0.000000 0.000000 0.000000 0.000000 0.000000 0.000000 0.000000 0.000000 0.000000 0.000000 0.000000 0.000000 0.000000 0.000000 0.000000 0.000000 0.000000 0.000000 0.000000 0.000000 0.000000 0.000000 0.000000 0.000000 0.000000 0.000000 0.000000 0.000000 0.000000 0.000000 0.000000 0.000000 0.000000 0.000000 0.000000 0.000000 0.000000 0.000000 0.000000 0.000000 0.000000 0.000000 0.000000 0.000000 0.000000 0.000000 0.000000 
0.000000 0.000000 0.000000 0.000000 0.000000 0.000000 0.000000 0.000000 0.000000 0.000000 0.000000 0.000000 0.000000 0.000000 0.000000 0.000000 0.000000 0.000000 0.000000 0.000000 0.000000 0.000000 0.000000 0.000000 0.000000 0.000000 0.000000 0.000000 0.000000 0.000000 0.000000 0.000000 0.000000 0.000000 0.000000 0.000000 0.000000 0.000000 0.000000 0.000000 0.000000 0.000000 0.000000 0.000000 0.000000 0.000000 0.000000 0.000000 0.000000 0.000000 0.000000 0.000000 0.000000 0.000000 0.000000 0.000000 0.000000 0.000000 0.000000 0.000000 0.000000 0.000000 0.000000 0.000000 0.000000 0.000000 0.000000 0.000000 0.000000 0.000000 0.000000 0.000000 0.000000 0.000000 0.000000 0.000000 0.000000 0.000000 0.000000 0.000000 0.000000 0.000000 0.000000 0.000000 0.000000 0.000000 0.000000 0.000000 0.000000 0.000000 0.000000 0.000000 0.000000 0.000000 0.000000 0.000000 0.000000 0.000000 0.000000 0.000000 0.000000 
0.000000 0.000000 0.000000 0.000000 0.000000 0.000000 0.000000 0.000000 0.000000 0.000000 0.000000 0.000000 0.000000 0.000000 0.000000 0.000000 0.000000 0.000000 0.000000 0.000000 0.000000 0.000000 0.000000 0.000000 0.000000 0.000000 0.000000 0.000000 0.000000 0.000000 0.000000 0.000000 0.000000 0.000000 0.000000 0.000000 0.000000 0.000000 0.000000 0.000000 0.000000 0.000000 0.000000 0.000000 0.000000 0.000000 0.000000 0.000000 0.000000 0.000000 0.000000 0.000000 0.000000 0.000000 0.000000 0.000000 0.000000 0.000000 0.000000 0.000000 0.000000 0.000000 0.000000 0.000000 0.000000 0.000000 0.000000 0.000000 0.000000 0.000000 0.000000 0.000000 0.000000 0.000000 0.000000 0.000000 0.000000 0.000000 0.000000 0.000000 0.000000 0.000000 0.000000 0.000000 0.000000 0.000000 0.000000 0.000000 0.000000 0.000000 0.000000 0.000000 0.000000 0.000000 0.000000 0.000000 0.000000 0.000000 0.000000 0.000000 0.000000 
0.000000 0.000000 0.000000 0.000000 0.000000 0.000000 0.000000 0.000000 0.000000 0.000000 0.000000 0.000000 0.000000 0.000000 0.000000 0.000000 0.000000 0.000000 0.000000 0.000000 0.000000 0.000000 0.000000 0.000000 0.000000 0.000000 0.000000 0.000000 0.000000 0.000000 0.000000 0.000000 0.000000 0.000000 0.000000 0.000000 0.000000 0.000000 0.000000 0.000000 0.000000 0.000000 0.000000 0.000000 0.000000 0.000000 0.000000 0.000000 0.000000 0.000000 0.000000 0.000000 0.000000 0.000000 0.000000 0.000000 0.000000 0.000000 0.000000 0.000000 0.000000 0.000000 0.000000 0.000000 0.000000 0.000000 0.000000 0.000000 0.000000 0.000000 0.000000 0.000000 0.000000 0.000000 0.000000 0.000000 0.000000 0.000000 0.000000 0.000000 0.000000 0.000000 0.000000 0.000000 0.000000 0.000000 0.000000 0.000000 0.000000 0.000000 0.000000 0.000000 0.000000 0.000000 0.000000 0.000000 0.000000 0.000000 0.000000 0.000000 0.000000 
0.000000 0.000000 0.000000 0.000000 0.000000 0.000000 0.000000 0.000000 0.000000 0.000000 0.000000 0.000000 0.000000 0.000000 0.000000 0.000000 0.000000 0.000000 0.000000 0.000000 0.000000 0.000000 0.000000 0.000000 0.000000 0.000000 0.000000 0.000000 0.000000 0.000000 0.000000 0.000000 0.000000 0.000000 0.000000 0.000000 0.000000 0.000000 0.000000 0.000000 0.000000 0.000000 0.000000 0.000000 0.000000 0.000000 0.000000 0.000000 0.000000 0.000000 0.000000 0.000000 0.000000 0.000000 0.000000 0.000000 0.000000 0.000000 0.000000 0.000000 0.000000 0.000000 0.000000 0.000000 0.000000 0.000000 0.000000 0.000000 0.000000 0.000000 0.000000 0.000000 0.000000 0.000000 0.000000 0.000000 0.000000 0.000000 0.000000 0.000000 0.000000 0.000000 0.000000 0.000000 0.000000 0.000000 0.000000 0.000000 0.000000 0.000000 0.000000 0.000000 0.000000 0.000000 0.000000 0.000000 0.000000 0.000000 0.000000 0.000000 0.000000 
0.000000 0.000000 0.000000 0.000000 0.000000 0.000000 0.000000 0.000000 0.000000 0.000000 0.000000 0.000000 0.000000 0.000000 0.000000 0.000000 0.000000 0.000000 0.000000 0.000000 0.000000 0.000000 0.000000 0.000000 0.000000 0.000000 0.000000 0.000000 0.000000 0.000000 0.000000 0.000000 0.000000 0.000000 0.000000 0.000000 0.000000 0.000000 0.000000 0.000000 0.000000 0.000000 0.000000 0.000000 0.000000 0.000000 0.000000 0.000000 0.000000 0.000000 0.000000 0.000000 0.000000 0.000000 0.000000 0.000000 0.000000 0.000000 0.000000 0.000000 0.000000 0.000000 0.000000 0.000000 0.000000 0.000000 0.000000 0.000000 0.000000 0.000000 0.000000 0.000000 0.000000 0.000000 0.000000 0.000000 0.000000 0.000000 0.000000 0.000000 0.000000 0.000000 0.000000 0.000000 0.000000 0.000000 0.000000 0.000000 0.000000 0.000000 0.000000 0.000000 0.000000 0.000000 0.000000 0.000000 0.000000 0.000000 0.000000 0.000000 0.000000 
0.000000 0.000000 0.000000 0.000000 0.000000 0.000000 0.000000 0.000000 0.000000 0.000000 0.000000 0.000000 0.000000 0.000000 0.000000 0.000000 0.000000 0.000000 0.000000 0.000000 0.000000 0.000000 0.000000 0.000000 0.000000 0.000000 0.000000 0.000000 0.000000 0.000000 0.000000 0.000000 0.000000 0.000000 0.000000 0.000000 0.000000 0.000000 0.000000 0.000000 0.000000 0.000000 0.000000 0.000000 0.000000 0.000000 0.000000 0.000000 0.000000 0.000000 0.000000 0.000000 0.000000 0.000000 0.000000 0.000000 0.000000 0.000000 0.000000 0.000000 0.000000 0.000000 0.000000 0.000000 0.000000 0.000000 0.000000 0.000000 0.000000 0.000000 0.000000 0.000000 0.000000 0.000000 0.000000 0.000000 0.000000 0.000000 0.000000 0.000000 0.000000 0.000000 0.000000 0.000000 0.000000 0.000000 0.000000 0.000000 0.000000 0.000000 0.000000 0.000000 0.000000 0.000000 0.000000 0.000000 0.000000 0.000000 0.000000 0.000000 0.000000 
0.000000 0.000000 0.000000 0.000000 0.000000 0.000000 0.000000 0.000000 0.000000 0.000000 0.000000 0.000000 0.000000 0.000000 0.000000 0.000000 0.000000 0.000000 0.000000 0.000000 0.000000 0.000000 0.000000 0.000000 0.000000 0.000000 0.000000 0.000000 0.000000 0.000000 0.000000 0.000000 0.000000 0.000000 0.000000 0.000000 0.000000 0.000000 0.000000 0.000000 0.000000 0.000000 0.000000 0.000000 0.000000 0.000000 0.000000 0.000000 0.000000 0.000000 0.000000 0.000000 0.000000 0.000000 0.000000 0.000000 0.000000 0.000000 0.000000 0.000000 0.000000 0.000000 0.000000 0.000000 0.000000 0.000000 0.000000 0.000000 0.000000 0.000000 0.000000 0.000000 0.000000 0.000000 0.000000 0.000000 0.000000 0.000000 0.000000 0.000000 0.000000 0.000000 0.000000 0.000000 0.000000 0.000000 0.000000 0.000000 0.000000 0.000000 0.000000 0.000000 0.000000 0.000000 0.000000 0.000000 0.000000 0.000000 0.000000 0.000000 0.000000 
0.000000 0.000000 0.000000 0.000000 0.000000 0.000000 0.000000 0.000000 0.000000 0.000000 0.000000 0.000000 0.000000 0.000000 0.000000 0.000000 0.000000 0.000000 0.000000 0.000000 0.000000 0.000000 0.000000 0.000000 0.000000 0.000000 0.000000 0.000000 0.000000 0.000000 0.000000 0.000000 0.000000 0.000000 0.000000 0.000000 0.000000 0.000000 0.000000 0.000000 0.000000 0.000000 0.000000 0.000000 0.000000 0.000000 0.000000 0.000000 0.000000 0.000000 0.000000 0.000000 0.000000 0.000000 0.000000 0.000000 0.000000 0.000000 0.000000 0.000000 0.000000 0.000000 0.000000 0.000000 0.000000 0.000000 0.000000 0.000000 0.000000 0.000000 0.000000 0.000000 0.000000 0.000000 0.000000 0.000000 0.000000 0.000000 0.000000 0.000000 0.000000 0.000000 0.000000 0.000000 0.000000 0.000000 0.000000 0.000000 0.000000 0.000000 0.000000 0.000000 0.000000 0.000000 0.000000 0.000000 0.000000 0.000000 0.000000 0.000000 0.000000 
0.000000 0.000000 0.000000 0.000000 0.000000 0.000000 0.000000 0.000000 0.000000 0.000000 0.000000 0.000000 0.000000 0.000000 0.000000 0.000000 0.000000 0.000000 0.000000 0.000000 0.000000 0.000000 0.000000 0.000000 0.000000 0.000000 0.000000 0.000000 0.000000 0.000000 0.000000 0.000000 0.000000 0.000000 0.000000 0.000000 0.000000 0.000000 0.000000 0.000000 0.000000 0.000000 0.000000 0.000000 0.000000 0.000000 0.000000 0.000000 0.000000 0.000000 0.000000 0.000000 0.000000 0.000000 0.000000 0.000000 0.000000 0.000000 0.000000 0.000000 0.000000 0.000000 0.000000 0.000000 0.000000 0.000000 0.000000 0.000000 0.000000 0.000000 0.000000 0.000000 0.000000 0.000000 0.000000 0.000000 0.000000 0.000000 0.000000 0.000000 0.000000 0.000000 0.000000 0.000000 0.000000 0.000000 0.000000 0.000000 0.000000 0.000000 0.000000 0.000000 0.000000 0.000000 0.000000 0.000000 0.000000 0.000000 0.000000 0.000000 0.000000 
0.000000 0.000000 0.000000 0.000000 0.000000 0.000000 0.000000 0.000000 0.000000 0.000000 0.000000 0.000000 0.000000 0.000000 0.000000 0.000000 0.000000 0.000000 0.000000 0.000000 0.000000 0.000000 0.000000 0.000000 0.000000 0.000000 0.000000 0.000000 0.000000 0.000000 0.000000 0.000000 0.000000 0.000000 0.000000 0.000000 0.000000 0.000000 0.000000 0.000000 0.000000 0.000000 0.000000 0.000000 0.000000 0.000000 0.000000 0.000000 0.000000 0.000000 0.000000 0.000000 0.000000 0.000000 0.000000 0.000000 0.000000 0.000000 0.000000 0.000000 0.000000 0.000000 0.000000 0.000000 0.000000 0.000000 0.000000 0.000000 0.000000 0.000000 0.000000 0.000000 0.000000 0.000000 0.000000 0.000000 0.000000 0.000000 0.000000 0.000000 0.000000 0.000000 0.000000 0.000000 0.000000 0.000000 0.000000 0.000000 0.000000 0.000000 0.000000 0.000000 0.000000 0.000000 0.000000 0.000000 0.000000 0.000000 0.000000 0.000000 0.000000 
0.000000 0.000000 0.000000 0.000000 0.000000 0.000000 0.000000 0.000000 0.000000 0.000000 0.000000 0.000000 0.000000 0.000000 0.000000 0.000000 0.000000 0.000000 0.000000 0.000000 0.000000 0.000000 0.000000 0.000000 0.000000 0.000000 0.000000 0.000000 0.000000 0.000000 0.000000 0.000000 0.000000 0.000000 0.000000 0.000000 0.000000 0.000000 0.000000 0.000000 0.000000 0.000000 0.000000 0.000000 0.000000 0.000000 0.000000 0.000000 0.000000 0.000000 0.000000 0.000000 0.000000 0.000000 0.000000 0.000000 0.000000 0.000000 0.000000 0.000000 0.000000 0.000000 0.000000 0.000000 0.000000 0.000000 0.000000 0.000000 0.000000 0.000000 0.000000 0.000000 0.000000 0.000000 0.000000 0.000000 0.000000 0.000000 0.000000 0.000000 0.000000 0.000000 0.000000 0.000000 0.000000 0.000000 0.000000 0.000000 0.000000 0.000000 0.000000 0.000000 0.000000 0.000000 0.000000 0.000000 0.000000 0.000000 0.000000 0.000000 0.000000 
0.000000 0.000000 0.000000 0.000000 0.000000 0.000000 0.000000 0.000000 0.000000 0.000000 0.000000 0.000000 0.000000 0.000000 0.000000 0.000000 0.000000 0.000000 0.000000 0.000000 0.000000 0.000000 0.000000 0.000000 0.000000 0.000000 0.000000 0.000000 0.000000 0.000000 0.000000 0.000000 0.000000 0.000000 0.000000 0.000000 0.000000 0.000000 0.000000 0.000000 0.000000 0.000000 0.000000 0.000000 0.000000 0.000000 0.000000 0.000000 0.000000 0.000000 0.000000 0.000000 0.000000 0.000000 0.000000 0.000000 0.000000 0.000000 0.000000 0.000000 0.000000 0.000000 0.000000 0.000000 0.000000 0.000000 0.000000 0.000000 0.000000 0.000000 0.000000 0.000000 0.000000 0.000000 0.000000 0.000000 0.000000 0.000000 0.000000 0.000000 0.000000 0.000000 0.000000 0.000000 0.000000 0.000000 0.000000 0.000000 0.000000 0.000000 0.000000 0.000000 0.000000 0.000000 0.000000 0.000000 0.000000 0.000000 0.000000 0.000000 0.000000 
0.000000 0.000000 0.000000 0.000000 0.000000 0.000000 0.000000 0.000000 0.000000 0.000000 0.000000 0.000000 0.000000 0.000000 0.000000 0.000000 0.000000 0.000000 0.000000 0.000000 0.000000 0.000000 0.000000 0.000000 0.000000 0.000000 0.000000 0.000000 0.000000 0.000000 0.000000 0.000000 0.000000 0.000000 0.000000 0.000000 0.000000 0.000000 0.000000 0.000000 0.000000 0.000000 0.000000 0.000000 0.000000 0.000000 0.000000 0.000000 0.000000 0.000000 0.000000 0.000000 0.000000 0.000000 0.000000 0.000000 0.000000 0.000000 0.000000 0.000000 0.000000 0.000000 0.000000 0.000000 0.000000 0.000000 0.000000 0.000000 0.000000 0.000000 0.000000 0.000000 0.000000 0.000000 0.000000 0.000000 0.000000 0.000000 0.000000 0.000000 0.000000 0.000000 0.000000 0.000000 0.000000 0.000000 0.000000 0.000000 0.000000 0.000000 0.000000 0.000000 0.000000 0.000000 0.000000 0.000000 0.000000 0.000000 0.000000 0.000000 0.000000 
0.000000 0.000000 0.000000 0.000000 0.000000 0.000000 0.000000 0.000000 0.000000 0.000000 0.000000 0.000000 0.000000 0.000000 0.000000 0.000000 0.000000 0.000000 0.000000 0.000000 0.000000 0.000000 0.000000 0.000000 0.000000 0.000000 0.000000 0.000000 0.000000 0.000000 0.000000 0.000000 0.000000 0.000000 0.000000 0.000000 0.000000 0.000000 0.000000 0.000000 0.000000 0.000000 0.000000 0.000000 0.000000 0.000000 0.000000 0.000000 0.000000 0.000000 0.000000 0.000000 0.000000 0.000000 0.000000 0.000000 0.000000 0.000000 0.000000 0.000000 0.000000 0.000000 0.000000 0.000000 0.000000 0.000000 0.000000 0.000000 0.000000 0.000000 0.000000 0.000000 0.000000 0.000000 0.000000 0.000000 0.000000 0.000000 0.000000 0.000000 0.000000 0.000000 0.000000 0.000000 0.000000 0.000000 0.000000 0.000000 0.000000 0.000000 0.000000 0.000000 0.000000 0.000000 0.000000 0.000000 0.000000 0.000000 0.000000 0.000000 0.000000 
0.000000 0.000000 0.000000 0.000000 0.000000 0.000000 0.000000 0.000000 0.000000 0.000000 0.000000 0.000000 0.000000 0.000000 0.000000 0.000000 0.000000 0.000000 0.000000 0.000000 0.000000 0.000000 0.000000 0.000000 0.000000 0.000000 0.000000 0.000000 0.000000 0.000000 0.000000 0.000000 0.000000 0.000000 0.000000 0.000000 0.000000 0.000000 0.000000 0.000000 0.000000 0.000000 0.000000 0.000000 0.000000 0.000000 0.000000 0.000000 0.000000 0.000000 0.000000 0.000000 0.000000 0.000000 0.000000 0.000000 0.000000 0.000000 0.000000 0.000000 0.000000 0.000000 0.000000 0.000000 0.000000 0.000000 0.000000 0.000000 0.000000 0.000000 0.000000 0.000000 0.000000 0.000000 0.000000 0.000000 0.000000 0.000000 0.000000 0.000000 0.000000 0.000000 0.000000 0.000000 0.000000 0.000000 0.000000 0.000000 0.000000 0.000000 0.000000 0.000000 0.000000 0.000000 0.000000 0.000000 0.000000 0.000000 0.000000 0.000000 0.000000 
0.000000 0.000000 0.000000 0.000000 0.000000 0.000000 0.000000 0.000000 0.000000 0.000000 0.000000 0.000000 0.000000 0.000000 0.000000 0.000000 0.000000 0.000000 0.000000 0.000000 0.000000 0.000000 0.000000 0.000000 0.000000 0.000000 0.000000 0.000000 0.000000 0.000000 0.000000 0.000000 0.000000 0.000000 0.000000 0.000000 0.000000 0.000000 0.000000 0.000000 0.000000 0.000000 0.000000 0.000000 0.000000 0.000000 0.000000 0.000000 0.000000 0.000000 0.000000 0.000000 0.000000 0.000000 0.000000 0.000000 0.000000 0.000000 0.000000 0.000000 0.000000 0.000000 0.000000 0.000000 0.000000 0.000000 0.000000 0.000000 0.000000 0.000000 0.000000 0.000000 0.000000 0.000000 0.000000 0.000000 0.000000 0.000000 0.000000 0.000000 0.000000 0.000000 0.000000 0.000000 0.000000 0.000000 0.000000 0.000000 0.000000 0.000000 0.000000 0.000000 0.000000 0.000000 0.000000 0.000000 0.000000 0.000000 0.000000 0.000000 0.000000 