t=       5.000000
T=5
deltaT=0.00001
XMin=-1.0
XMax=1.0
Lx=101
Sigma=1
deltaOut=0.1
0.000000 0.000000 0.000000 0.000000 0.000000 0.000000 0.000000 0.000000 0.000000 0.000000 0.000000 0.000000 0.000000 0.000000 0.000000 0.000000 0.000000 0.000000 0.000000 0.000000 0.000000 0.000000 0.000000 0.000000 0.000000 0.000000 0.046641 0.108652 0.170244 0.231177 0.291215 0.350127 0.407684 0.463664 0.517850 0.570032 0.620010 0.667588 0.712584 0.754823 0.794142 0.830388 0.863422 0.893115 0.919353 0.942034 0.961071 0.976389 0.987930 0.995649 0.999516 0.999516 0.995649 0.987930 0.976389 0.961071 0.942034 0.919353 0.893115 0.863422 0.830388 0.794142 0.754823 0.712584 0.667588 0.620010 0.570032 0.517850 0.463664 0.407684 0.350127 0.291215 0.231177 0.170244 0.108652 0.046641 0.000000 0.000000 0.000000 0.000000 0.000000 0.000000 0.000000 0.000000 0.000000 0.000000 0.000000 0.000000 0.000000 0.000000 0.000000 0.000000 0.000000 0.000000 0.000000 0.000000 0.000000 0.000000 0.000000 0.000000 0.000000
0.000000 0.000000 0.000000 0.000000 0.000000 0.000000 0.000000 0.000000 0.000000 0.000000 0.000000 0.000000 0.000000 0.000000 0.000000 0.000000 0.000000 0.000000 0.000000 0.000000 0.000000 0.000000 0.000000 0.000000 0.000000 0.000199 0.046706 0.108650 0.170241 0.231173 0.291210 0.350121 0.407677 0.463656 0.517841 0.570023 0.620000 0.667577 0.712572 0.754811 0.794129 0.830374 0.863408 0.893100 0.919338 0.942018 0.961055 0.976373 0.987914 0.995633 0.999500 0.999500 0.995633 0.987914 0.976373 0.961055 0.942018 0.919338 0.893100 0.863408 0.830374 0.794129 0.754811 0.712572 0.667577 0.620000 0.570023 0.517841 0.463656 0.407677 0.350121 0.291210 0.231173 0.170241 0.108650 0.046706 0.000199 0.000000 0.000000 0.000000 0.000000 0.000000 0.000000 0.000000 0.000000 0.000000 0.000000 0.000000 0.000000 0.000000 0.000000 0.000000 0.000000 0.000000 0.000000 0.000000 0.000000 0.000000 0.000000 0.000000 0.000000 
0.000000 0.000389 0.000815 0.001315 0.001934 0.002717 0.003719 0.005004 0.006644 0.008723 0.011335 0.014587 0.018597 0.023492 0.029408 0.036487 0.044874 0.054713 0.066142 0.079288 0.094264 0.111162 0.130048 0.150958 0.173894 0.198822 0.225669 0.254323 0.284634 0.316417 0.349450 0.383486 0.418252 0.453457 0.488795 0.523956 0.558627 0.592500 0.625274 0.656665 0.686400 0.714231 0.739927 0.763282 0.784112 0.802258 0.817584 0.829977 0.839350 0.845635 0.848788 0.848788 0.845635 0.839350 0.829977 0.817584 0.802258 0.784112 0.763282 0.739927 0.714231 0.686400 0.656665 0.625274 0.592500 0.558627 0.523956 0.488795 0.453457 0.418252 0.383486 0.349450 0.316416 0.284634 0.254323 0.225669 0.198822 0.173894 0.150958 0.130048 0.111162 0.094264 0.079288 0.066142 0.054713 0.044873 0.036486 0.029405 0.023488 0.018591 0.014578 0.011321 0.008702 0.006613 0.004958 0.003651 0.002619 0.001793 0.001116 0.000534 0.000000 
0.000000 0.003044 0.006163 0.009432 0.012925 0.016719 0.020889 0.025509 0.030656 0.036402 0.042822 0.049986 0.057964 0.066819 0.076613 0.087401 0.099230 0.112140 0.126163 0.141319 0.157618 0.175055 0.193615 0.213266 0.233964 0.255649 0.278246 0.301664 0.325801 0.350540 0.375749 0.401287 0.427004 0.452738 0.478323 0.503588 0.528357 0.552453 0.575703 0.597934 0.618979 0.638678 0.656877 0.673437 0.688227 0.701130 0.712044 0.720882 0.727573 0.732064 0.734319 0.734319 0.732064 0.727573 0.720882 0.712044 0.701130 0.688227 0.673437 0.656877 0.638678 0.618979 0.597934 0.575703 0.552453 0.528356 0.503588 0.478323 0.452737 0.427003 0.401286 0.375747 0.350537 0.325797 0.301659 0.278238 0.255639 0.233951 0.213248 0.193590 0.175022 0.157574 0.141262 0.126089 0.112044 0.099105 0.087241 0.076409 0.066560 0.057635 0.049573 0.042305 0.035759 0.029860 0.024530 0.019690 0.015259 0.011157 0.007301 0.003609 0.000000 
0.000000 0.006085 0.012234 0.018512 0.024982 0.031705 0.038742 0.046152 0.053988 0.062304 0.071148 0.080566 0.090596 0.101274 0.112629 0.124685 0.137457 0.150956 0.165185 0.180137 0.195799 0.212149 0.229158 0.246787 0.264988 0.283706 0.302878 0.322432 0.342289 0.362363 0.382562 0.402789 0.422939 0.442908 0.462584 0.481857 0.500614 0.518741 0.536127 0.552663 0.568243 0.582765 0.596134 0.608259 0.619059 0.628459 0.636395 0.642812 0.647664 0.650918 0.652551 0.652551 0.650918 0.647664 0.642812 0.636395 0.628458 0.619058 0.608257 0.596132 0.582762 0.568239 0.552658 0.536121 0.518733 0.500604 0.481845 0.462568 0.442887 0.422913 0.402756 0.382521 0.362311 0.342225 0.322352 0.302779 0.283585 0.264838 0.246604 0.228935 0.211879 0.195472 0.179743 0.164712 0.150390 0.136782 0.123883 0.111681 0.100156 0.089282 0.079028 0.069354 0.060219 0.051574 0.043366 0.035541 0.028038 0.020797 0.013754 0.006844 0.000000 
0.000000 0.008430 0.016905 0.025471 0.034172 0.043051 0.052150 0.061508 0.071161 0.081143 0.091486 0.102215 0.113354 0.124921 0.136931 0.149392 0.162308 0.175678 0.189496 0.203748 0.218418 0.233481 0.248908 0.264665 0.280711 0.296999 0.313481 0.330100 0.346798 0.363509 0.380167 0.396703 0.413042 0.429110 0.444833 0.460131 0.474930 0.489153 0.502724 0.515572 0.527626 0.538818 0.549085 0.558370 0.566617 0.573780 0.579815 0.584686 0.588366 0.590831 0.592067 0.592066 0.590829 0.588362 0.584681 0.579807 0.573770 0.566605 0.558354 0.549066 0.538794 0.527597 0.515537 0.502681 0.489100 0.474867 0.460055 0.444740 0.429000 0.412910 0.396545 0.379980 0.363287 0.346535 0.329791 0.313117 0.296573 0.280212 0.264084 0.248232 0.232697 0.217512 0.202703 0.188294 0.174300 0.160732 0.147595 0.134887 0.122604 0.110734 0.099260 0.088163 0.077417 0.066993 0.056860 0.046981 0.037319 0.027833 0.018480 0.009218 0.000000 
0.000000 0.010008 0.020046 0.030142 0.040324 0.050619 0.061054 0.071652 0.082436 0.093425 0.104638 0.116088 0.127789 0.139747 0.151969 0.164456 0.177206 0.190213 0.203467 0.216954 0.230658 0.244555 0.258622 0.272828 0.287142 0.301528 0.315946 0.330353 0.344706 0.358956 0.373055 0.386951 0.400592 0.413924 0.426893 0.439445 0.451527 0.463084 0.474066 0.484422 0.494102 0.503062 0.511258 0.518650 0.525201 0.530879 0.535655 0.539505 0.542409 0.544353 0.545325 0.545322 0.544343 0.542393 0.539482 0.535624 0.530840 0.525152 0.518590 0.511186 0.502976 0.494001 0.484302 0.473925 0.462919 0.451334 0.439220 0.426632 0.413621 0.400242 0.386548 0.372591 0.358424 0.344096 0.329656 0.315151 0.300625 0.286118 0.271668 0.257311 0.243078 0.228997 0.215091 0.201381 0.187884 0.174611 0.161570 0.148768 0.136204 0.123876 0.111778 0.099899 0.088228 0.076749 0.065444 0.054293 0.043272 0.032359 0.021527 0.010750 0.000000 
0.000000 0.010974 0.021965 0.032990 0.044064 0.055203 0.066421 0.077732 0.089147 0.100676 0.112329 0.124111 0.136027 0.148078 0.160265 0.172584 0.185031 0.197596 0.210270 0.223039 0.235887 0.248794 0.261741 0.274703 0.287653 0.300564 0.313405 0.326144 0.338747 0.351178 0.363401 0.375377 0.387069 0.398436 0.409441 0.420043 0.430205 0.439887 0.449054 0.457669 0.465699 0.473109 0.479871 0.485955 0.491336 0.495992 0.499902 0.503049 0.505420 0.507004 0.507793 0.507785 0.506979 0.505379 0.502990 0.499824 0.495894 0.491217 0.485812 0.479701 0.472910 0.465467 0.457402 0.448747 0.439535 0.429802 0.419585 0.408921 0.397847 0.386403 0.374627 0.362557 0.350231 0.337685 0.324957 0.312080 0.299088 0.286012 0.272881 0.259724 0.246565 0.233427 0.220331 0.207294 0.194332 0.181458 0.168680 0.156008 0.143445 0.130994 0.118655 0.106425 0.094301 0.082276 0.070341 0.058488 0.046703 0.034976 0.023293 0.011639 0.000000 
0.000000 0.011493 0.022993 0.034510 0.046050 0.057621 0.069228 0.080878 0.092575 0.104322 0.116122 0.127975 0.139881 0.151837 0.163840 0.175885 0.187963 0.200066 0.212183 0.224301 0.236405 0.248480 0.260507 0.272467 0.284339 0.296099 0.307725 0.319191 0.330470 0.341536 0.352360 0.362915 0.373171 0.383100 0.392672 0.401859 0.410632 0.418964 0.426827 0.434195 0.441043 0.447348 0.453089 0.458243 0.462794 0.466724 0.470019 0.472668 0.474659 0.475985 0.476642 0.476626 0.475938 0.474579 0.472555 0.469872 0.466540 0.462571 0.457979 0.452780 0.446991 0.440633 0.433728 0.426297 0.418367 0.409961 0.401107 0.391831 0.382163 0.372129 0.361758 0.351079 0.340119 0.328907 0.317470 0.305834 0.294024 0.282065 0.269981 0.257794 0.245523 0.233188 0.220807 0.208395 0.195966 0.183534 0.171107 0.158696 0.146307 0.133946 0.121617 0.109323 0.097064 0.084839 0.072649 0.060489 0.048356 0.036247 0.024154 0.012074 0.000000 
0.000000 0.011698 0.023398 0.035102 0.046812 0.058528 0.070252 0.081984 0.093723 0.105469 0.117219 0.128971 0.140720 0.152462 0.164190 0.175898 0.187577 0.199218 0.210809 0.222338 0.233794 0.245160 0.256422 0.267563 0.278567 0.289413 0.300084 0.310559 0.320817 0.330838 0.340600 0.350081 0.359258 0.368111 0.376616 0.384752 0.392498 0.399833 0.406737 0.413191 0.419175 0.424672 0.429667 0.434144 0.438089 0.441491 0.444339 0.446623 0.448336 0.449473 0.450030 0.450005 0.449398 0.448209 0.446444 0.444105 0.441202 0.437741 0.433734 0.429191 0.424127 0.418555 0.412491 0.405953 0.398958 0.391525 0.383673 0.375424 0.366797 0.357815 0.348497 0.338867 0.328945 0.318753 0.308311 0.297642 0.286764 0.275697 0.264460 0.253071 0.241548 0.229906 0.218160 0.206326 0.194415 0.182440 0.170411 0.158339 0.146231 0.134096 0.121940 0.109768 0.097585 0.085394 0.073198 0.060999 0.048799 0.036599 0.024399 0.012200 0.000000 
0.000000 0.011690 0.023378 0.035061 0.046738 0.058406 0.070062 0.081703 0.093324 0.104923 0.116493 0.128031 0.139529 0.150981 0.162380 0.173717 0.184984 0.196170 0.207266 0.218259 0.229139 0.239891 0.250503 0.260961 0.271249 0.281352 0.291255 0.300941 0.310393 0.319595 0.328529 0.337179 0.345526 0.353554 0.361245 0.368583 0.375552 0.382135 0.388317 0.394083 0.399420 0.404313 0.408751 0.412721 0.416215 0.419223 0.421736 0.423748 0.425253 0.426247 0.426727 0.426691 0.426140 0.425074 0.423495 0.421409 0.418818 0.415731 0.412154 0.408096 0.403567 0.398578 0.393140 0.387267 0.380972 0.374270 0.367174 0.359701 0.351867 0.343688 0.335181 0.326362 0.317248 0.307857 0.298204 0.288308 0.278183 0.267846 0.257313 0.246598 0.235717 0.224684 0.213511 0.202213 0.190800 0.179285 0.167678 0.155989 0.144228 0.132403 0.120522 0.108593 0.096623 0.084616 0.072580 0.060519 0.048438 0.036342 0.024234 0.012119 0.000000 
0.000000 0.011539 0.023073 0.034598 0.046108 0.057598 0.069064 0.080498 0.091897 0.103253 0.114559 0.125810 0.136998 0.148115 0.159152 0.170101 0.180953 0.191698 0.202326 0.212825 0.223186 0.233396 0.243444 0.253316 0.263000 0.272483 0.281752 0.290793 0.299591 0.308134 0.316407 0.324396 0.332088 0.339468 0.346522 0.353239 0.359604 0.365605 0.371229 0.376467 0.381305 0.385735 0.389746 0.393330 0.396478 0.399184 0.401441 0.403244 0.404589 0.405472 0.405891 0.405845 0.405334 0.404358 0.402919 0.401019 0.398664 0.395858 0.392605 0.388914 0.384791 0.380246 0.375286 0.369922 0.364165 0.358026 0.351515 0.344647 0.337432 0.329885 0.322018 0.313844 0.305378 0.296634 0.287624 0.278363 0.268864 0.259141 0.249207 0.239076 0.228759 0.218270 0.207621 0.196823 0.185888 0.174827 0.163651 0.152369 0.140991 0.129527 0.117985 0.106374 0.094702 0.082977 0.071206 0.059396 0.047555 0.035688 0.023802 0.011904 0.000000 
0.000000 0.011295 0.022583 0.033859 0.045114 0.056343 0.067539 0.078694 0.089802 0.100855 0.111846 0.122766 0.133608 0.144362 0.155022 0.165576 0.176017 0.186334 0.196518 0.206559 0.216446 0.226168 0.235714 0.245074 0.254236 0.263189 0.271920 0.280419 0.288673 0.296671 0.304401 0.311852 0.319011 0.325867 0.332410 0.338629 0.344512 0.350051 0.355234 0.360053 0.364499 0.368564 0.372239 0.375519 0.378396 0.380866 0.382922 0.384561 0.385780 0.386575 0.386945 0.386889 0.386407 0.385499 0.384166 0.382411 0.380237 0.377648 0.374647 0.371241 0.367436 0.363237 0.358652 0.353690 0.348358 0.342665 0.336621 0.330236 0.323520 0.316484 0.309137 0.301493 0.293561 0.285354 0.276883 0.268159 0.259194 0.250001 0.240590 0.230974 0.221163 0.211169 0.201003 0.190676 0.180199 0.169582 0.158835 0.147969 0.136994 0.125918 0.114752 0.103504 0.092183 0.080798 0.069357 0.057869 0.046342 0.034784 0.023202 0.011605 0.000000 
0.000000 0.010992 0.021976 0.032945 0.043891 0.054806 0.065683 0.076514 0.087290 0.098004 0.108647 0.119211 0.129688 0.140068 0.150342 0.160503 0.170540 0.180445 0.190207 0.199816 0.209264 0.218541 0.227635 0.236538 0.245238 0.253726 0.261991 0.270023 0.277812 0.285347 0.292619 0.299618 0.306333 0.312756 0.318876 0.324685 0.330174 0.335334 0.340158 0.344637 0.348765 0.352535 0.355940 0.358974 0.361634 0.363913 0.365807 0.367314 0.368431 0.369155 0.369485 0.369420 0.368960 0.368105 0.366856 0.365216 0.363186 0.360770 0.357971 0.354793 0.351242 0.347323 0.343042 0.338405 0.333419 0.328092 0.322431 0.316444 0.310141 0.303530 0.296620 0.289421 0.281942 0.274193 0.266185 0.257927 0.249430 0.240704 0.231759 0.222606 0.213255 0.203717 0.194001 0.184119 0.174080 0.163894 0.153571 0.143122 0.132555 0.121881 0.111109 0.100247 0.089307 0.078296 0.067224 0.056100 0.044932 0.033729 0.022500 0.011255 0.000000 
0.000000 0.010653 0.021298 0.031926 0.042530 0.053101 0.063630 0.074110 0.084531 0.094886 0.105165 0.115361 0.125464 0.135465 0.145356 0.155128 0.164772 0.174278 0.183637 0.192841 0.201879 0.210743 0.219423 0.227910 0.236194 0.244267 0.252118 0.259739 0.267121 0.274254 0.281130 0.287740 0.294076 0.300128 0.305890 0.311353 0.316510 0.321353 0.325876 0.330072 0.333936 0.337460 0.340641 0.343473 0.345952 0.348073 0.349835 0.351233 0.352265 0.352930 0.353227 0.353154 0.352712 0.351900 0.350720 0.349173 0.347262 0.344988 0.342355 0.339367 0.336027 0.332340 0.328311 0.323946 0.319250 0.314230 0.308892 0.303244 0.297292 0.291045 0.284510 0.277696 0.270611 0.263264 0.255663 0.247818 0.239738 0.231432 0.222910 0.214180 0.205254 0.196139 0.186847 0.177386 0.167766 0.157997 0.148088 0.138050 0.127890 0.117620 0.107249 0.096785 0.086238 0.075619 0.064935 0.054196 0.043411 0.032590 0.021742 0.010876 0.000000 
0.000000 0.010295 0.020582 0.030851 0.041095 0.051305 0.061471 0.071587 0.081642 0.091629 0.101538 0.111361 0.121090 0.130715 0.140227 0.149618 0.158879 0.168002 0.176977 0.185795 0.194448 0.202926 0.211222 0.219327 0.227230 0.234926 0.242403 0.249656 0.256674 0.263450 0.269976 0.276244 0.282247 0.287977 0.293427 0.298591 0.303461 0.308032 0.312297 0.316251 0.319889 0.323205 0.326195 0.328854 0.331180 0.333169 0.334818 0.336124 0.337086 0.337701 0.337969 0.337890 0.337462 0.336687 0.335565 0.334098 0.332287 0.330134 0.327643 0.324815 0.321655 0.318167 0.314354 0.310222 0.305776 0.301022 0.295964 0.290609 0.284965 0.279037 0.272832 0.266358 0.259623 0.252634 0.245400 0.237928 0.230226 0.222304 0.214170 0.205833 0.197301 0.188584 0.179691 0.170631 0.161412 0.152045 0.142538 0.132901 0.123143 0.113273 0.103301 0.093235 0.083087 0.072863 0.062575 0.052231 0.041840 0.031413 0.020957 0.010483 0.000000 
0.000000 0.009929 0.019848 0.029751 0.039628 0.049470 0.059269 0.069016 0.078702 0.088319 0.097859 0.107312 0.116670 0.125924 0.135065 0.144086 0.152978 0.161731 0.170337 0.178789 0.187077 0.195193 0.203130 0.210878 0.218430 0.225777 0.232913 0.239828 0.246516 0.252969 0.259180 0.265142 0.270848 0.276291 0.281465 0.286364 0.290982 0.295313 0.299352 0.303094 0.306534 0.309669 0.312493 0.315003 0.317197 0.319071 0.320622 0.321849 0.322749 0.323322 0.323566 0.323482 0.323068 0.322325 0.321254 0.319856 0.318132 0.316085 0.313716 0.311029 0.308027 0.304712 0.301090 0.297164 0.292938 0.288418 0.283609 0.278516 0.273145 0.267502 0.261594 0.255428 0.249009 0.242346 0.235445 0.228315 0.220962 0.213395 0.205622 0.197651 0.189490 0.181147 0.172632 0.163953 0.155119 0.146138 0.137020 0.127772 0.118406 0.108928 0.099349 0.089678 0.079924 0.070095 0.060202 0.050253 0.040258 0.030226 0.020166 0.010088 0.000000 
0.000000 0.009561 0.019113 0.028648 0.038157 0.047632 0.057064 0.066444 0.075764 0.085016 0.094190 0.103279 0.112273 0.121165 0.129946 0.138607 0.147141 0.155539 0.163793 0.171895 0.179837 0.187611 0.195208 0.202622 0.209845 0.216869 0.223687 0.230292 0.236676 0.242833 0.248756 0.254438 0.259874 0.265058 0.269982 0.274643 0.279034 0.283150 0.286987 0.290540 0.293805 0.296778 0.299455 0.301834 0.303911 0.305683 0.307148 0.308306 0.309153 0.309688 0.309912 0.309823 0.309421 0.308708 0.307682 0.306346 0.304701 0.302748 0.300489 0.297928 0.295066 0.291908 0.288456 0.284714 0.280687 0.276379 0.271794 0.266938 0.261816 0.256433 0.250796 0.244911 0.238783 0.232420 0.225828 0.219014 0.211986 0.204750 0.197315 0.189688 0.181877 0.173889 0.165734 0.157418 0.148952 0.140342 0.131598 0.122728 0.113741 0.104645 0.095450 0.086164 0.076797 0.067357 0.057853 0.048295 0.038690 0.029050 0.019382 0.009695 0.000000 
0.000000 0.009197 0.018385 0.027557 0.036703 0.045815 0.054885 0.063904 0.072864 0.081756 0.090573 0.099305 0.107946 0.116485 0.124916 0.133231 0.141420 0.149477 0.157393 0.165161 0.172772 0.180221 0.187498 0.194596 0.201510 0.208230 0.214751 0.221065 0.227167 0.233049 0.238706 0.244131 0.249319 0.254264 0.258960 0.263402 0.267587 0.271508 0.275161 0.278543 0.281649 0.284476 0.287021 0.289281 0.291252 0.292934 0.294323 0.295418 0.296217 0.296720 0.296926 0.296834 0.296444 0.295758 0.294774 0.293494 0.291920 0.290053 0.287895 0.285448 0.282715 0.279699 0.276403 0.272830 0.268984 0.264870 0.260491 0.255853 0.250960 0.245817 0.240431 0.234806 0.228948 0.222864 0.216561 0.210043 0.203319 0.196395 0.189279 0.181977 0.174497 0.166846 0.159033 0.151065 0.142951 0.134697 0.126313 0.117807 0.109187 0.100461 0.091638 0.082727 0.073737 0.064675 0.055552 0.046375 0.037153 0.027896 0.018612 0.009311 0.000000 
0.000000 0.008840 0.017671 0.026486 0.035276 0.044033 0.052749 0.061415 0.070023 0.078566 0.087034 0.095421 0.103717 0.111916 0.120009 0.127988 0.135846 0.143574 0.151166 0.158614 0.165911 0.173049 0.180022 0.186822 0.193442 0.199876 0.206117 0.212159 0.217996 0.223621 0.229030 0.234215 0.239172 0.243895 0.248380 0.252621 0.256614 0.260355 0.263840 0.267065 0.270025 0.272719 0.275143 0.277294 0.279170 0.280769 0.282088 0.283127 0.283883 0.284357 0.284547 0.284453 0.284076 0.283414 0.282469 0.281242 0.279734 0.277947 0.275882 0.273541 0.270926 0.268042 0.264889 0.261473 0.257795 0.253861 0.249674 0.245238 0.240559 0.235640 0.230487 0.225106 0.219502 0.213680 0.207647 0.201409 0.194971 0.188342 0.181527 0.174534 0.167369 0.160039 0.152553 0.144917 0.137139 0.129228 0.121190 0.113033 0.104767 0.096398 0.087935 0.079387 0.070762 0.062067 0.053313 0.044507 0.035657 0.026773 0.017863 0.008936 0.000000 
0.000000 0.008492 0.016975 0.025443 0.033886 0.042297 0.050668 0.058991 0.067258 0.075461 0.083592 0.091643 0.099607 0.107476 0.115242 0.122899 0.130437 0.137851 0.145132 0.152274 0.159270 0.166112 0.172794 0.179310 0.185652 0.191814 0.197791 0.203576 0.209163 0.214546 0.219721 0.224681 0.229421 0.233937 0.238225 0.242278 0.246094 0.249667 0.252995 0.256074 0.258900 0.261470 0.263782 0.265833 0.267621 0.269144 0.270399 0.271387 0.272104 0.272552 0.272728 0.272633 0.272267 0.271629 0.270722 0.269544 0.268098 0.266385 0.264407 0.262165 0.259662 0.256900 0.253882 0.250612 0.247092 0.243326 0.239318 0.235073 0.230594 0.225885 0.220953 0.215801 0.210435 0.204861 0.199084 0.193110 0.186945 0.180595 0.174067 0.167367 0.160502 0.153479 0.146304 0.138986 0.131531 0.123947 0.116241 0.108421 0.100494 0.092469 0.084353 0.076155 0.067882 0.059543 0.051145 0.042698 0.034208 0.025686 0.017138 0.008573 0.000000 
0.000000 0.008154 0.016300 0.024430 0.032537 0.040613 0.048650 0.056641 0.064577 0.072451 0.080255 0.087983 0.095626 0.103177 0.110629 0.117974 0.125206 0.132317 0.139300 0.146149 0.152856 0.159416 0.165821 0.172065 0.178142 0.184047 0.189772 0.195313 0.200663 0.205818 0.210771 0.215519 0.220056 0.224377 0.228478 0.232355 0.236004 0.239421 0.242602 0.245544 0.248245 0.250700 0.252908 0.254866 0.256572 0.258024 0.259220 0.260160 0.260842 0.261266 0.261430 0.261334 0.260979 0.260365 0.259493 0.258362 0.256975 0.255332 0.253435 0.251287 0.248888 0.246242 0.243352 0.240219 0.236848 0.233241 0.229403 0.225337 0.221047 0.216537 0.211813 0.206878 0.201739 0.196399 0.190865 0.185142 0.179235 0.173152 0.166896 0.160476 0.153898 0.147167 0.140291 0.133276 0.126130 0.118860 0.111473 0.103975 0.096376 0.088681 0.080899 0.073038 0.065104 0.057107 0.049053 0.040952 0.032810 0.024636 0.016437 0.008223 0.000000 
0.000000 0.007827 0.015646 0.023451 0.031233 0.038984 0.046698 0.054367 0.061984 0.069541 0.077030 0.084446 0.091779 0.099024 0.106173 0.113220 0.120157 0.126977 0.133674 0.140242 0.146673 0.152962 0.159102 0.165088 0.170913 0.176571 0.182057 0.187365 0.192491 0.197428 0.202172 0.206718 0.211062 0.215199 0.219125 0.222835 0.226327 0.229596 0.232639 0.235453 0.238035 0.240382 0.242492 0.244363 0.245992 0.247379 0.248520 0.249416 0.250065 0.250466 0.250620 0.250525 0.250181 0.249590 0.248751 0.247665 0.246333 0.244757 0.242938 0.240878 0.238579 0.236043 0.233273 0.230271 0.227040 0.223584 0.219906 0.216010 0.211900 0.207579 0.203053 0.198325 0.193400 0.188284 0.182981 0.177497 0.171837 0.166006 0.160012 0.153859 0.147554 0.141102 0.134512 0.127788 0.120938 0.113969 0.106887 0.099699 0.092413 0.085036 0.077575 0.070037 0.062430 0.054762 0.047039 0.039270 0.031463 0.023624 0.015763 0.007885 0.000000 
0.000000 0.007511 0.015016 0.022505 0.029973 0.037412 0.044815 0.052174 0.059482 0.066733 0.073920 0.081034 0.088070 0.095020 0.101878 0.108638 0.115291 0.121832 0.128255 0.134553 0.140720 0.146750 0.152637 0.158375 0.163958 0.169382 0.174639 0.179726 0.184637 0.189368 0.193913 0.198268 0.202428 0.206390 0.210149 0.213702 0.217044 0.220173 0.223086 0.225779 0.228249 0.230495 0.232513 0.234301 0.235859 0.237183 0.238273 0.239128 0.239746 0.240127 0.240271 0.240176 0.239844 0.239275 0.238468 0.237425 0.236147 0.234634 0.232890 0.230914 0.228709 0.226278 0.223622 0.220744 0.217647 0.214335 0.210810 0.207076 0.203136 0.198995 0.194657 0.190126 0.185406 0.180503 0.175420 0.170164 0.164739 0.159151 0.153406 0.147508 0.141465 0.135281 0.128963 0.122518 0.115952 0.109271 0.102481 0.095591 0.088606 0.081533 0.074380 0.067153 0.059859 0.052507 0.045103 0.037654 0.030168 0.022652 0.015114 0.007561 0.000000 
0.000000 0.007207 0.014408 0.021594 0.028760 0.035897 0.043000 0.050060 0.057072 0.064029 0.070923 0.077748 0.084498 0.091165 0.097743 0.104226 0.110608 0.116881 0.123041 0.129081 0.134994 0.140776 0.146420 0.151921 0.157274 0.162472 0.167512 0.172387 0.177094 0.181627 0.185982 0.190155 0.194141 0.197936 0.201537 0.204939 0.208140 0.211137 0.213925 0.216503 0.218868 0.221017 0.222948 0.224659 0.226148 0.227414 0.228456 0.229272 0.229862 0.230224 0.230359 0.230265 0.229945 0.229396 0.228621 0.227619 0.226392 0.224940 0.223266 0.221371 0.219257 0.216925 0.214378 0.211619 0.208650 0.205474 0.202095 0.198515 0.194739 0.190770 0.186611 0.182268 0.177744 0.173044 0.168172 0.163134 0.157934 0.152577 0.147070 0.141417 0.135623 0.129696 0.123640 0.117461 0.111166 0.104761 0.098253 0.091647 0.084950 0.078170 0.071312 0.064383 0.057391 0.050342 0.043243 0.036102 0.028924 0.021718 0.014491 0.007249 0.000000 
0.000000 0.006915 0.013823 0.020717 0.027591 0.034439 0.041253 0.048026 0.054753 0.061426 0.068040 0.074587 0.081061 0.087456 0.093766 0.099984 0.106104 0.112121 0.118028 0.123820 0.129490 0.135034 0.140446 0.145720 0.150851 0.155835 0.160666 0.165340 0.169851 0.174195 0.178369 0.182368 0.186187 0.189823 0.193273 0.196533 0.199599 0.202469 0.205140 0.207609 0.209873 0.211930 0.213779 0.215416 0.216841 0.218052 0.219048 0.219828 0.220390 0.220735 0.220862 0.220770 0.220461 0.219933 0.219187 0.218225 0.217047 0.215654 0.214048 0.212230 0.210202 0.207965 0.205523 0.202877 0.200030 0.196985 0.193745 0.190313 0.186693 0.182888 0.178901 0.174737 0.170400 0.165894 0.161224 0.156394 0.151409 0.146275 0.140995 0.135576 0.130022 0.124339 0.118534 0.112611 0.106576 0.100436 0.094196 0.087864 0.081444 0.074943 0.068368 0.061726 0.055022 0.048264 0.041459 0.034612 0.027731 0.020822 0.013893 0.006950 0.000000 
0.000000 0.006633 0.013260 0.019874 0.026468 0.033037 0.039573 0.046070 0.052523 0.058924 0.065267 0.071547 0.077757 0.083891 0.089942 0.095906 0.101776 0.107546 0.113210 0.118764 0.124202 0.129518 0.134707 0.139764 0.144684 0.149462 0.154093 0.158573 0.162897 0.167062 0.171062 0.174894 0.178555 0.182040 0.185345 0.188469 0.191407 0.194156 0.196715 0.199079 0.201248 0.203218 0.204988 0.206556 0.207920 0.209079 0.210031 0.210776 0.211313 0.211642 0.211761 0.211672 0.211373 0.210865 0.210149 0.209225 0.208094 0.206757 0.205216 0.203471 0.201526 0.199381 0.197038 0.194501 0.191771 0.188851 0.185744 0.182454 0.178983 0.175334 0.171512 0.167520 0.163362 0.159042 0.154565 0.149934 0.145155 0.140233 0.135171 0.129976 0.124652 0.119204 0.113638 0.107960 0.102175 0.096288 0.090306 0.084235 0.078080 0.071848 0.065545 0.059177 0.052750 0.046271 0.039747 0.033183 0.026586 0.019962 0.013319 0.006663 0.000000 
0.000000 0.006363 0.012719 0.019063 0.025388 0.031689 0.037958 0.044190 0.050379 0.056519 0.062603 0.068626 0.074582 0.080465 0.086269 0.091988 0.097617 0.103151 0.108583 0.113909 0.119123 0.124221 0.129196 0.134045 0.138762 0.143343 0.147783 0.152078 0.156224 0.160216 0.164050 0.167724 0.171232 0.174572 0.177740 0.180733 0.183548 0.186183 0.188634 0.190900 0.192977 0.194864 0.196559 0.198060 0.199366 0.200476 0.201387 0.202100 0.202613 0.202926 0.203039 0.202951 0.202663 0.202175 0.201486 0.200599 0.199513 0.198231 0.196752 0.195078 0.193212 0.191154 0.188908 0.186474 0.183856 0.181056 0.178077 0.174922 0.171593 0.168095 0.164430 0.160603 0.156616 0.152475 0.148182 0.143743 0.139161 0.134441 0.129589 0.124608 0.119503 0.114281 0.108945 0.103501 0.097955 0.092311 0.086577 0.080756 0.074856 0.068881 0.062838 0.056733 0.050572 0.044361 0.038105 0.031812 0.025488 0.019138 0.012769 0.006388 0.000000 
0.000000 0.006103 0.012199 0.018284 0.024351 0.030394 0.036407 0.042385 0.048321 0.054209 0.060045 0.065821 0.071533 0.077175 0.082741 0.088226 0.093625 0.098931 0.104141 0.109248 0.114248 0.119136 0.123906 0.128555 0.133078 0.137470 0.141727 0.145845 0.149819 0.153646 0.157322 0.160843 0.164206 0.167408 0.170444 0.173313 0.176011 0.178536 0.180885 0.183055 0.185045 0.186853 0.188477 0.189915 0.191165 0.192228 0.193100 0.193782 0.194272 0.194571 0.194678 0.194592 0.194315 0.193845 0.193184 0.192332 0.191290 0.190059 0.188640 0.187034 0.185244 0.183270 0.181116 0.178782 0.176271 0.173586 0.170729 0.167703 0.164512 0.161157 0.157643 0.153973 0.150151 0.146180 0.142064 0.137808 0.133415 0.128891 0.124238 0.119463 0.114569 0.109562 0.104446 0.099227 0.093910 0.088499 0.083001 0.077421 0.071764 0.066036 0.060243 0.054390 0.048483 0.042529 0.036532 0.030498 0.024435 0.018347 0.012242 0.006124 0.000000 
0.000000 0.005853 0.011700 0.017536 0.023355 0.029151 0.034918 0.040651 0.046344 0.051991 0.057588 0.063128 0.068606 0.074016 0.079354 0.084614 0.089791 0.094880 0.099876 0.104773 0.109568 0.114255 0.118829 0.123287 0.127624 0.131835 0.135916 0.139864 0.143674 0.147343 0.150867 0.154243 0.157466 0.160535 0.163446 0.166195 0.168781 0.171201 0.173452 0.175532 0.177439 0.179172 0.180727 0.182105 0.183302 0.184319 0.185154 0.185807 0.186276 0.186561 0.186662 0.186579 0.186312 0.185860 0.185225 0.184408 0.183407 0.182226 0.180865 0.179325 0.177607 0.175714 0.173647 0.171409 0.169001 0.166426 0.163687 0.160785 0.157725 0.154508 0.151139 0.147620 0.143955 0.140147 0.136201 0.132120 0.127908 0.123570 0.119110 0.114531 0.109839 0.105039 0.100134 0.095130 0.090032 0.084845 0.079574 0.074224 0.068801 0.063310 0.057756 0.052144 0.046481 0.040772 0.035023 0.029239 0.023426 0.017590 0.011736 0.005871 0.000000 
0.000000 0.005613 0.011221 0.016818 0.022399 0.027957 0.033488 0.038986 0.044446 0.049862 0.055229 0.060542 0.065796 0.070984 0.076103 0.081148 0.086112 0.090992 0.095783 0.100479 0.105076 0.109571 0.113957 0.118231 0.122389 0.126427 0.130340 0.134126 0.137779 0.141296 0.144675 0.147911 0.151001 0.153943 0.156733 0.159368 0.161847 0.164166 0.166324 0.168317 0.170145 0.171805 0.173296 0.174615 0.175763 0.176737 0.177536 0.178161 0.178610 0.178882 0.178978 0.178897 0.178640 0.178206 0.177596 0.176811 0.175851 0.174718 0.173412 0.171934 0.170287 0.168471 0.166489 0.164342 0.162033 0.159564 0.156936 0.154154 0.151219 0.148135 0.144904 0.141530 0.138016 0.134365 0.130581 0.126668 0.122630 0.118471 0.114194 0.109804 0.105306 0.100703 0.096001 0.091204 0.086316 0.081343 0.076289 0.071160 0.065961 0.060696 0.055371 0.049992 0.044562 0.039089 0.033577 0.028032 0.022459 0.016864 0.011252 0.005629 0.000000 
0.000000 0.005383 0.010762 0.016129 0.021481 0.026812 0.032116 0.037389 0.042625 0.047819 0.052966 0.058061 0.063099 0.068075 0.072984 0.077821 0.082582 0.087261 0.091855 0.096358 0.100767 0.105076 0.109282 0.113381 0.117368 0.121239 0.124991 0.128620 0.132123 0.135495 0.138734 0.141837 0.144799 0.147619 0.150294 0.152821 0.155197 0.157420 0.159488 0.161398 0.163150 0.164741 0.166169 0.167434 0.168533 0.169466 0.170232 0.170830 0.171259 0.171520 0.171611 0.171532 0.171285 0.170868 0.170283 0.169529 0.168608 0.167520 0.166267 0.164850 0.163270 0.161528 0.159627 0.157568 0.155354 0.152986 0.150466 0.147798 0.144984 0.142026 0.138928 0.135693 0.132323 0.128823 0.125195 0.121443 0.117571 0.113583 0.109483 0.105274 0.100961 0.096548 0.092039 0.087440 0.082754 0.077986 0.073141 0.068223 0.063239 0.058191 0.053086 0.047928 0.042723 0.037476 0.032191 0.026875 0.021532 0.016168 0.010787 0.005396 0.000000 
0.000000 0.005163 0.010320 0.015468 0.020600 0.025712 0.030799 0.035856 0.040877 0.045858 0.050794 0.055680 0.060511 0.065283 0.069990 0.074629 0.079194 0.083681 0.088086 0.092405 0.096632 0.100764 0.104797 0.108727 0.112550 0.116262 0.119860 0.123339 0.126697 0.129931 0.133036 0.136011 0.138851 0.141554 0.144119 0.146541 0.148818 0.150949 0.152932 0.154763 0.156442 0.157966 0.159335 0.160547 0.161600 0.162494 0.163228 0.163801 0.164212 0.164460 0.164547 0.164471 0.164233 0.163833 0.163271 0.162548 0.161664 0.160620 0.159418 0.158059 0.156543 0.154873 0.153050 0.151075 0.148951 0.146680 0.144264 0.141706 0.139007 0.136171 0.133200 0.130098 0.126867 0.123510 0.120032 0.116434 0.112722 0.108898 0.104967 0.100931 0.096796 0.092565 0.088242 0.083832 0.079340 0.074768 0.070123 0.065408 0.060629 0.055790 0.050895 0.045950 0.040960 0.035929 0.030863 0.025766 0.020643 0.015500 0.010342 0.005174 0.000000 
0.000000 0.004951 0.009897 0.014833 0.019755 0.024658 0.029536 0.034385 0.039200 0.043977 0.048710 0.053395 0.058028 0.062604 0.067118 0.071566 0.075944 0.080247 0.084471 0.088612 0.092665 0.096627 0.100495 0.104263 0.107928 0.111488 0.114937 0.118274 0.121493 0.124593 0.127571 0.130422 0.133146 0.135738 0.138196 0.140518 0.142701 0.144744 0.146644 0.148400 0.150009 0.151470 0.152782 0.153943 0.154953 0.155809 0.156512 0.157061 0.157454 0.157692 0.157775 0.157701 0.157472 0.157088 0.156548 0.155854 0.155007 0.154006 0.152852 0.151548 0.150095 0.148493 0.146744 0.144850 0.142814 0.140636 0.138319 0.135865 0.133277 0.130558 0.127709 0.124735 0.121636 0.118418 0.115083 0.111634 0.108074 0.104408 0.100638 0.096769 0.092804 0.088747 0.084603 0.080375 0.076067 0.071684 0.067231 0.062710 0.058128 0.053488 0.048796 0.044055 0.039270 0.034447 0.029589 0.024703 0.019792 0.014861 0.009915 0.004960 0.000000 
0.000000 0.004748 0.009491 0.014225 0.018945 0.023646 0.028324 0.032974 0.037591 0.042172 0.046711 0.051204 0.055646 0.060034 0.064363 0.068628 0.072826 0.076952 0.081003 0.084973 0.088860 0.092659 0.096368 0.099981 0.103495 0.106908 0.110216 0.113415 0.116502 0.119474 0.122329 0.125063 0.127674 0.130159 0.132515 0.134742 0.136835 0.138793 0.140615 0.142298 0.143840 0.145241 0.146498 0.147611 0.148579 0.149399 0.150073 0.150598 0.150975 0.151202 0.151281 0.151210 0.150990 0.150621 0.150103 0.149437 0.148624 0.147664 0.146558 0.145307 0.143912 0.142376 0.140699 0.138883 0.136930 0.134841 0.132619 0.130267 0.127785 0.125177 0.122446 0.119593 0.116623 0.113537 0.110339 0.107031 0.103618 0.100103 0.096489 0.092779 0.088977 0.085088 0.081114 0.077060 0.072930 0.068728 0.064458 0.060124 0.055731 0.051282 0.046783 0.042238 0.037650 0.033026 0.028369 0.023684 0.018975 0.014248 0.009506 0.004756 0.000000 
0.000000 0.004553 0.009101 0.013641 0.018167 0.022675 0.027161 0.031620 0.036048 0.040440 0.044793 0.049101 0.053361 0.057569 0.061720 0.065810 0.069835 0.073792 0.077676 0.081483 0.085210 0.088853 0.092409 0.095873 0.099244 0.102516 0.105687 0.108754 0.111714 0.114564 0.117301 0.119923 0.122426 0.124808 0.127068 0.129202 0.131209 0.133086 0.134832 0.136446 0.137924 0.139267 0.140472 0.141539 0.142466 0.143253 0.143898 0.144401 0.144762 0.144980 0.145055 0.144987 0.144775 0.144421 0.143924 0.143285 0.142505 0.141583 0.140523 0.139323 0.137986 0.136512 0.134904 0.133162 0.131289 0.129286 0.127156 0.124900 0.122520 0.120019 0.117400 0.114665 0.111817 0.108858 0.105791 0.102620 0.099347 0.095977 0.092511 0.088954 0.085309 0.081580 0.077770 0.073883 0.069923 0.065894 0.061800 0.057645 0.053433 0.049168 0.044854 0.040496 0.036098 0.031664 0.027199 0.022707 0.018193 0.013660 0.009114 0.004559 0.000000 
0.000000 0.004366 0.008728 0.013081 0.017421 0.021744 0.026045 0.030321 0.034567 0.038779 0.042953 0.047085 0.051170 0.055204 0.059185 0.063107 0.066967 0.070760 0.074485 0.078135 0.081709 0.085203 0.088612 0.091934 0.095165 0.098303 0.101344 0.104285 0.107123 0.109855 0.112480 0.114993 0.117393 0.119677 0.121843 0.123890 0.125814 0.127613 0.129288 0.130834 0.132252 0.133539 0.134694 0.135717 0.136605 0.137359 0.137977 0.138459 0.138805 0.139014 0.139085 0.139019 0.138816 0.138476 0.137999 0.137386 0.136638 0.135754 0.134736 0.133586 0.132303 0.130890 0.129348 0.127678 0.125881 0.123961 0.121918 0.119754 0.117473 0.115075 0.112563 0.109941 0.107209 0.104372 0.101432 0.098391 0.095253 0.092021 0.088698 0.085288 0.081793 0.078217 0.074564 0.070838 0.067041 0.063178 0.059253 0.055269 0.051230 0.047141 0.043005 0.038826 0.034610 0.030359 0.026078 0.021771 0.017443 0.013097 0.008739 0.004371 0.000000 
0.000000 0.004187 0.008369 0.012543 0.016705 0.020850 0.024975 0.029076 0.033147 0.037186 0.041188 0.045150 0.049067 0.052936 0.056753 0.060514 0.064215 0.067853 0.071424 0.074925 0.078352 0.081701 0.084970 0.088156 0.091254 0.094263 0.097178 0.099998 0.102719 0.105339 0.107855 0.110265 0.112566 0.114756 0.116833 0.118795 0.120640 0.122365 0.123970 0.125453 0.126812 0.128046 0.129153 0.130133 0.130985 0.131708 0.132300 0.132762 0.133093 0.133293 0.133361 0.133297 0.133102 0.132776 0.132319 0.131731 0.131012 0.130165 0.129189 0.128085 0.126856 0.125500 0.124021 0.122420 0.120697 0.118855 0.116896 0.114822 0.112634 0.110334 0.107926 0.105411 0.102792 0.100072 0.097252 0.094337 0.091328 0.088229 0.085043 0.081773 0.078422 0.074994 0.071491 0.067918 0.064278 0.060574 0.056810 0.052991 0.049118 0.045198 0.041232 0.037226 0.033183 0.029107 0.025003 0.020873 0.016724 0.012557 0.008378 0.004191 0.000000 
0.000000 0.004015 0.008025 0.012028 0.016019 0.019994 0.023949 0.027881 0.031785 0.035658 0.039496 0.043295 0.047051 0.050761 0.054421 0.058027 0.061576 0.065064 0.068489 0.071845 0.075131 0.078343 0.081478 0.084532 0.087503 0.090388 0.093183 0.095887 0.098496 0.101008 0.103421 0.105731 0.107938 0.110037 0.112029 0.113910 0.115678 0.117333 0.118871 0.120293 0.121595 0.122778 0.123840 0.124779 0.125596 0.126288 0.126856 0.127299 0.127616 0.127807 0.127873 0.127811 0.127624 0.127311 0.126872 0.126308 0.125619 0.124806 0.123870 0.122812 0.121632 0.120333 0.118914 0.117378 0.115727 0.113960 0.112082 0.110093 0.107995 0.105790 0.103481 0.101069 0.098558 0.095949 0.093246 0.090451 0.087566 0.084594 0.081539 0.078404 0.075191 0.071904 0.068546 0.065120 0.061629 0.058078 0.054469 0.050807 0.047094 0.043335 0.039533 0.035692 0.031815 0.027908 0.023972 0.020013 0.016034 0.012040 0.008033 0.004019 0.000000 
0.000000 0.003850 0.007695 0.011534 0.015360 0.019172 0.022965 0.026735 0.030479 0.034193 0.037873 0.041515 0.045117 0.048675 0.052184 0.055642 0.059045 0.062390 0.065673 0.068892 0.072043 0.075122 0.078128 0.081057 0.083905 0.086671 0.089352 0.091944 0.094446 0.096855 0.099168 0.101383 0.103499 0.105512 0.107421 0.109225 0.110920 0.112506 0.113982 0.115344 0.116593 0.117727 0.118745 0.119646 0.120428 0.121092 0.121637 0.122061 0.122365 0.122548 0.122610 0.122551 0.122371 0.122071 0.121650 0.121109 0.120448 0.119668 0.118771 0.117756 0.116625 0.115378 0.114018 0.112545 0.110961 0.109268 0.107466 0.105559 0.103547 0.101433 0.099219 0.096906 0.094498 0.091997 0.089405 0.086725 0.083959 0.081110 0.078180 0.075174 0.072093 0.068941 0.065721 0.062437 0.059090 0.055685 0.052225 0.048713 0.045154 0.041549 0.037904 0.034221 0.030504 0.026758 0.022984 0.019189 0.015374 0.011544 0.007702 0.003853 0.000000 
0.000000 0.003691 0.007379 0.011059 0.014729 0.018384 0.022021 0.025636 0.029226 0.032787 0.036316 0.039809 0.043263 0.046674 0.050039 0.053355 0.056618 0.059825 0.062973 0.066060 0.069081 0.072034 0.074916 0.077724 0.080456 0.083108 0.085678 0.088164 0.090562 0.092872 0.095090 0.097214 0.099242 0.101173 0.103003 0.104732 0.106358 0.107879 0.109293 0.110599 0.111797 0.112884 0.113860 0.114723 0.115473 0.116110 0.116631 0.117038 0.117329 0.117505 0.117564 0.117507 0.117335 0.117047 0.116643 0.116124 0.115490 0.114742 0.113881 0.112908 0.111823 0.110628 0.109324 0.107911 0.106392 0.104768 0.103041 0.101212 0.099283 0.097256 0.095133 0.092915 0.090607 0.088208 0.085723 0.083153 0.080500 0.077769 0.074960 0.072077 0.069124 0.066101 0.063014 0.059864 0.056656 0.053391 0.050073 0.046707 0.043293 0.039838 0.036342 0.032811 0.029248 0.025655 0.022037 0.018398 0.014740 0.011068 0.007385 0.003694 0.000000 
0.000000 0.003540 0.007076 0.010605 0.014124 0.017628 0.021116 0.024582 0.028025 0.031439 0.034823 0.038172 0.041484 0.044755 0.047982 0.051161 0.054290 0.057365 0.060384 0.063344 0.066240 0.069072 0.071835 0.074528 0.077147 0.079690 0.082155 0.084538 0.086838 0.089052 0.091179 0.093216 0.095160 0.097011 0.098766 0.100424 0.101983 0.103441 0.104797 0.106049 0.107197 0.108240 0.109175 0.110003 0.110722 0.111332 0.111832 0.112222 0.112501 0.112669 0.112726 0.112671 0.112506 0.112229 0.111842 0.111344 0.110736 0.110019 0.109193 0.108260 0.107220 0.106074 0.104823 0.103468 0.102012 0.100455 0.098798 0.097044 0.095195 0.093251 0.091215 0.089089 0.086875 0.084576 0.082192 0.079728 0.077185 0.074566 0.071873 0.069109 0.066276 0.063379 0.060419 0.057399 0.054322 0.051192 0.048011 0.044783 0.041510 0.038197 0.034845 0.031460 0.028043 0.024598 0.021130 0.017640 0.014133 0.010612 0.007080 0.003542 0.000000 
0.000000 0.003394 0.006785 0.010169 0.013543 0.016903 0.020247 0.023571 0.026872 0.030147 0.033391 0.036603 0.039778 0.042915 0.046009 0.049057 0.052058 0.055006 0.057901 0.060739 0.063516 0.066231 0.068881 0.071463 0.073974 0.076413 0.078776 0.081061 0.083266 0.085390 0.087429 0.089381 0.091246 0.093021 0.094703 0.096293 0.097787 0.099185 0.100485 0.101686 0.102787 0.103786 0.104683 0.105477 0.106166 0.106751 0.107230 0.107604 0.107871 0.108032 0.108087 0.108034 0.107875 0.107610 0.107238 0.106761 0.106178 0.105490 0.104699 0.103804 0.102806 0.101707 0.100507 0.099209 0.097812 0.096319 0.094731 0.093049 0.091275 0.089411 0.087459 0.085421 0.083298 0.081093 0.078808 0.076445 0.074006 0.071495 0.068913 0.066263 0.063547 0.060769 0.057930 0.055035 0.052085 0.049083 0.046033 0.042938 0.039800 0.036623 0.033410 0.030164 0.026888 0.023585 0.020259 0.016913 0.013551 0.010175 0.006789 0.003396 0.000000 
0.000000 0.003255 0.006506 0.009751 0.012986 0.016208 0.019415 0.022602 0.025767 0.028907 0.032018 0.035098 0.038143 0.041150 0.044117 0.047040 0.049917 0.052744 0.055520 0.058241 0.060904 0.063508 0.066048 0.068524 0.070932 0.073270 0.075536 0.077727 0.079841 0.081877 0.083832 0.085705 0.087493 0.089194 0.090808 0.092332 0.093764 0.095105 0.096351 0.097503 0.098558 0.099516 0.100376 0.101137 0.101798 0.102358 0.102818 0.103176 0.103432 0.103587 0.103639 0.103588 0.103436 0.103181 0.102825 0.102367 0.101808 0.101148 0.100389 0.099531 0.098574 0.097520 0.096370 0.095125 0.093785 0.092354 0.090831 0.089218 0.087517 0.085730 0.083858 0.081904 0.079868 0.077754 0.075563 0.073297 0.070959 0.068551 0.066075 0.063534 0.060930 0.058266 0.055545 0.052768 0.049940 0.047062 0.044138 0.041170 0.038161 0.035115 0.032034 0.028921 0.025780 0.022614 0.019425 0.016217 0.012993 0.009756 0.006509 0.003256 0.000000 
0.000000 0.003121 0.006238 0.009350 0.012452 0.015542 0.018616 0.021673 0.024708 0.027718 0.030701 0.033654 0.036574 0.039458 0.042302 0.045105 0.047864 0.050575 0.053236 0.055845 0.058399 0.060895 0.063332 0.065705 0.068014 0.070256 0.072429 0.074530 0.076557 0.078509 0.080384 0.082179 0.083893 0.085525 0.087072 0.088533 0.089907 0.091192 0.092387 0.093491 0.094503 0.095421 0.096246 0.096975 0.097609 0.098146 0.098587 0.098930 0.099176 0.099324 0.099373 0.099325 0.099179 0.098935 0.098593 0.098153 0.097617 0.096985 0.096257 0.095434 0.094516 0.093506 0.092403 0.091209 0.089925 0.088552 0.087091 0.085545 0.083914 0.082200 0.080406 0.078531 0.076580 0.074552 0.072451 0.070279 0.068037 0.065728 0.063354 0.060918 0.058421 0.055867 0.053257 0.050595 0.047883 0.045124 0.042320 0.039474 0.036590 0.033669 0.030715 0.027730 0.024719 0.021682 0.018625 0.015549 0.012458 0.009354 0.006241 0.003122 0.000000 
0.000000 0.002992 0.005982 0.008965 0.011940 0.014903 0.017851 0.020781 0.023691 0.026578 0.029439 0.032270 0.035070 0.037835 0.040562 0.043250 0.045895 0.048495 0.051047 0.053548 0.055997 0.058391 0.060727 0.063003 0.065217 0.067366 0.069449 0.071464 0.073408 0.075280 0.077077 0.078798 0.080442 0.082006 0.083490 0.084891 0.086208 0.087440 0.088586 0.089644 0.090615 0.091495 0.092286 0.092985 0.093592 0.094108 0.094530 0.094859 0.095095 0.095236 0.095284 0.095237 0.095097 0.094863 0.094535 0.094114 0.093600 0.092993 0.092295 0.091506 0.090626 0.089657 0.088599 0.087454 0.086223 0.084906 0.083506 0.082023 0.080460 0.078816 0.077095 0.075298 0.073427 0.071483 0.069469 0.067385 0.065236 0.063022 0.060746 0.058409 0.056016 0.053566 0.051064 0.048512 0.045911 0.043266 0.040577 0.037849 0.035083 0.032282 0.029450 0.026589 0.023701 0.020790 0.017858 0.014909 0.011945 0.008969 0.005984 0.002994 0.000000 
0.000000 0.002869 0.005736 0.008596 0.011449 0.014290 0.017117 0.019927 0.022717 0.025485 0.028228 0.030943 0.033627 0.036278 0.038894 0.041471 0.044007 0.046500 0.048947 0.051346 0.053694 0.055989 0.058229 0.060411 0.062534 0.064595 0.066592 0.068524 0.070388 0.072183 0.073906 0.075556 0.077132 0.078632 0.080055 0.081398 0.082661 0.083842 0.084941 0.085956 0.086886 0.087730 0.088488 0.089159 0.089741 0.090235 0.090640 0.090955 0.091181 0.091317 0.091362 0.091318 0.091183 0.090959 0.090644 0.090240 0.089747 0.089166 0.088496 0.087739 0.086896 0.085966 0.084952 0.083854 0.082674 0.081411 0.080068 0.078647 0.077147 0.075572 0.073922 0.072198 0.070404 0.068540 0.066609 0.064611 0.062550 0.060427 0.058245 0.056005 0.053709 0.051361 0.048962 0.046514 0.044021 0.041484 0.038907 0.036290 0.033638 0.030953 0.028237 0.025494 0.022725 0.019934 0.017123 0.014295 0.011453 0.008599 0.005738 0.002870 0.000000 
0.000000 0.002751 0.005500 0.008243 0.010978 0.013702 0.016413 0.019107 0.021783 0.024437 0.027067 0.029670 0.032244 0.034786 0.037294 0.039765 0.042197 0.044587 0.046934 0.049233 0.051485 0.053685 0.055833 0.057926 0.059961 0.061937 0.063853 0.065705 0.067492 0.069213 0.070865 0.072448 0.073959 0.075397 0.076761 0.078049 0.079260 0.080393 0.081446 0.082419 0.083311 0.084120 0.084847 0.085490 0.086048 0.086522 0.086910 0.087212 0.087429 0.087559 0.087603 0.087560 0.087431 0.087215 0.086914 0.086526 0.086053 0.085496 0.084854 0.084128 0.083319 0.082428 0.081456 0.080403 0.079270 0.078060 0.076773 0.075409 0.073972 0.072461 0.070879 0.069226 0.067506 0.065719 0.063866 0.061951 0.059975 0.057939 0.055847 0.053699 0.051498 0.049246 0.046946 0.044599 0.042209 0.039776 0.037305 0.034796 0.032253 0.029679 0.027075 0.024444 0.021789 0.019113 0.016418 0.013706 0.010981 0.008245 0.005501 0.002752 0.000000 
0.000000 0.002638 0.005274 0.007904 0.010526 0.013138 0.015737 0.018321 0.020886 0.023431 0.025953 0.028449 0.030917 0.033355 0.035760 0.038129 0.040461 0.042753 0.045003 0.047208 0.049367 0.051477 0.053536 0.055543 0.057494 0.059389 0.061226 0.063002 0.064715 0.066365 0.067950 0.069467 0.070916 0.072295 0.073603 0.074837 0.075999 0.077085 0.078095 0.079028 0.079883 0.080659 0.081356 0.081972 0.082507 0.082961 0.083334 0.083623 0.083831 0.083956 0.083997 0.083956 0.083832 0.083626 0.083336 0.082965 0.082512 0.081977 0.081361 0.080665 0.079890 0.079035 0.078103 0.077093 0.076008 0.074847 0.073612 0.072305 0.070927 0.069478 0.067961 0.066377 0.064727 0.063013 0.061237 0.059401 0.057506 0.055554 0.053548 0.051488 0.049378 0.047219 0.045013 0.042763 0.040471 0.038139 0.035769 0.033364 0.030925 0.028457 0.025960 0.023438 0.020892 0.018326 0.015742 0.013142 0.010529 0.007906 0.005275 0.002639 0.000000 
0.000000 0.002530 0.005057 0.007579 0.010093 0.012598 0.015090 0.017567 0.020027 0.022467 0.024885 0.027279 0.029646 0.031983 0.034289 0.036561 0.038797 0.040994 0.043151 0.045266 0.047336 0.049359 0.051334 0.053258 0.055129 0.056946 0.058707 0.060409 0.062053 0.063635 0.065154 0.066609 0.067998 0.069320 0.070574 0.071758 0.072871 0.073913 0.074881 0.075776 0.076596 0.077340 0.078008 0.078599 0.079112 0.079547 0.079904 0.080182 0.080381 0.080501 0.080541 0.080501 0.080382 0.080184 0.079907 0.079551 0.079116 0.078603 0.078013 0.077345 0.076602 0.075782 0.074888 0.073920 0.072879 0.071766 0.070582 0.069329 0.068007 0.066618 0.065163 0.063644 0.062062 0.060419 0.058716 0.056956 0.055139 0.053267 0.051343 0.049369 0.047345 0.045275 0.043160 0.041003 0.038805 0.036569 0.034296 0.031990 0.029652 0.027285 0.024891 0.022473 0.020032 0.017571 0.015094 0.012601 0.010096 0.007580 0.005058 0.002530 0.000000 
0.000000 0.002425 0.004849 0.007267 0.009678 0.012080 0.014469 0.016845 0.019203 0.021543 0.023862 0.026157 0.028426 0.030667 0.032878 0.035056 0.037200 0.039308 0.041376 0.043404 0.045388 0.047328 0.049222 0.051066 0.052861 0.054603 0.056291 0.057924 0.059500 0.061016 0.062473 0.063868 0.065200 0.066468 0.067670 0.068805 0.069873 0.070871 0.071800 0.072658 0.073444 0.074157 0.074798 0.075364 0.075857 0.076274 0.076616 0.076882 0.077073 0.077188 0.077226 0.077188 0.077074 0.076884 0.076618 0.076277 0.075860 0.075368 0.074802 0.074162 0.073449 0.072663 0.071806 0.070878 0.069879 0.068812 0.067677 0.066475 0.065208 0.063876 0.062481 0.061025 0.059508 0.057932 0.056300 0.054611 0.052869 0.051075 0.049230 0.047336 0.045396 0.043411 0.041384 0.039315 0.037207 0.035063 0.032884 0.030673 0.028432 0.026162 0.023867 0.021548 0.019207 0.016848 0.014472 0.012082 0.009680 0.007268 0.004850 0.002426 0.000000 
0.000000 0.002326 0.004649 0.006968 0.009280 0.011583 0.013874 0.016152 0.018413 0.020657 0.022880 0.025081 0.027256 0.029405 0.031525 0.033614 0.035670 0.037690 0.039674 0.041618 0.043521 0.045381 0.047196 0.048965 0.050686 0.052356 0.053975 0.055541 0.057051 0.058506 0.059903 0.061240 0.062517 0.063733 0.064886 0.065974 0.066998 0.067955 0.068846 0.069668 0.070422 0.071106 0.071720 0.072263 0.072735 0.073135 0.073463 0.073719 0.073901 0.074011 0.074048 0.074012 0.073902 0.073720 0.073465 0.073137 0.072738 0.072266 0.071723 0.071110 0.070426 0.069672 0.068850 0.067960 0.067003 0.065980 0.064892 0.063739 0.062524 0.061247 0.059909 0.058513 0.057058 0.055548 0.053982 0.052363 0.050693 0.048972 0.047203 0.045388 0.043528 0.041624 0.039680 0.037697 0.035676 0.033620 0.031531 0.029411 0.027261 0.025085 0.022884 0.020661 0.018417 0.016155 0.013876 0.011585 0.009282 0.006969 0.004650 0.002326 0.000000 
